x,y,f
0.0,0.0,-0.3007621765136719
0.01587301678955555,0.0,-0.40640291571617126
0.0317460335791111,0.0,-0.507325291633606
0.0476190485060215,0.0,-0.6025575995445251
0.0634920671582222,0.0,-0.6911827921867371
0.0793650820851326,0.0,-0.7723476886749268
0.095238097012043,0.0,-0.8452708125114441
0.1111111119389534,0.0,-0.9092504978179932
0.1269841343164444,0.0,-0.963671088218689
0.1428571492433548,0.0,-1.0080093145370483
0.1587301641702652,0.0,-1.0418380498886108
0.1746031790971756,0.0,-1.0648325681686401
0.190476194024086,0.0,-1.0767709016799927
0.2063492089509964,0.0,-1.0775384902954102
0.2222222238779068,0.0,-1.0671261548995972
0.2380952388048172,0.0,-1.0456336736679077
0.2539682686328888,0.0,-1.0132659673690796
0.2698412835597992,0.0,-0.9703335762023926
0.2857142984867096,0.0,-0.9172477722167969
0.30158731341362,0.0,-0.8545191287994385
0.3174603283405304,0.0,-0.7827509641647339
0.3333333432674408,0.0,-0.702634871006012
0.3492063581943512,0.0,-0.6149431467056274
0.3650793731212616,0.0,-0.520521879196167
0.380952388048172,0.0,-0.4202820062637329
0.3968254029750824,0.0,-0.31519052386283875
0.4126984179019928,0.0,-0.20626108348369598
0.4285714328289032,0.0,-0.09454359114170074
0.4444444477558136,0.0,0.018885470926761627
0.460317462682724,0.0,0.13293367624282837
0.4761904776096344,0.0,0.2465028166770935
0.4920634925365448,0.0,0.35849979519844055
0.5079365372657776,0.0,0.46784645318984985
0.523809552192688,0.0,0.5734903812408447
0.5396825671195984,0.0,0.6744145154953003
0.5555555820465088,0.0,0.7696475982666016
0.5714285969734192,0.0,0.8582723736763
0.5873016119003296,0.0,0.9394359588623047
0.60317462682724,0.0,1.0123565196990967
0.6190476417541504,0.0,1.0763320922851562
0.6349206566810608,0.0,1.130746603012085
0.6507936716079712,0.0,1.1750760078430176
0.6666666865348816,0.0,1.208893060684204
0.682539701461792,0.0,1.231872797012329
0.6984127163887024,0.0,1.2437931299209595
0.7142857313156128,0.0,1.2445400953292847
0.7301587462425232,0.0,1.2341057062149048
0.7460317611694336,0.0,1.2125909328460693
0.761904776096344,0.0,1.1802027225494385
0.7777777910232544,0.0,1.1372532844543457
0.7936508059501648,0.0,1.0841559171676636
0.8095238208770752,0.0,1.021422266960144
0.8253968358039856,0.0,0.9496562480926514
0.841269850730896,0.0,0.8695492744445801
0.8571428656578064,0.0,0.7818725109100342
0.8730158805847168,0.0,0.687470555305481
0.8888888955116272,0.0,0.5872524976730347
0.9047619104385376,0.0,0.48218339681625366
0.920634925365448,0.0,0.3732752501964569
0.9365079402923584,0.0,0.2615768611431122
0.9523809552192688,0.0,0.14816394448280334
0.9682539701461792,0.0,0.034128688275814056
0.9841269850730896,0.0,-0.07943057268857956
1.0,0.0,-0.191420316696167
0.0,0.01587301678955555,-0.41325631737709045
0.01587301678955555,0.01587301678955555,-0.5214104056358337
0.0317460335791111,0.01587301678955555,-0.6243272423744202
0.0476190485060215,0.01587301678955555,-0.7210160493850708
0.0634920671582222,0.01587301678955555,-0.8105458617210388
0.0793650820851326,0.01587301678955555,-0.8920552134513855
0.095238097012043,0.01587301678955555,-0.9647594690322876
0.1111111119389534,0.01587301678955555,-1.0279598236083984
0.1269841343164444,0.01587301678955555,-1.081048607826233
0.1428571492433548,0.01587301678955555,-1.1235154867172241
0.1587301641702652,0.01587301678955555,-1.1549530029296875
0.1746031790971756,0.01587301678955555,-1.1750586032867432
0.190476194024086,0.01587301678955555,-1.1836391687393188
0.2063492089509964,0.01587301678955555,-1.180611252784729
0.2222222238779068,0.01587301678955555,-1.1660022735595703
0.2380952388048172,0.01587301678955555,-1.1399503946304321
0.2539682686328888,0.01587301678955555,-1.102703332901001
0.2698412835597992,0.01587301678955555,-1.0546164512634277
0.2857142984867096,0.01587301678955555,-0.9961493015289307
0.30158731341362,0.01587301678955555,-0.9278627634048462
0.3174603283405304,0.01587301678955555,-0.8504135012626648
0.3333333432674408,0.01587301678955555,-0.7645478248596191
0.3492063581943512,0.01587301678955555,-0.6710944771766663
0.3650793731212616,0.01587301678955555,-0.5709564089775085
0.380952388048172,0.01587301678955555,-0.465101420879364
0.3968254029750824,0.01587301678955555,-0.35455241799354553
0.4126984179019928,0.01587301678955555,-0.24037690460681915
0.4285714328289032,0.01587301678955555,-0.12367644160985947
0.4444444477558136,0.01587301678955555,-0.005576087161898613
0.460317462682724,0.01587301678955555,0.11278671026229858
0.4761904776096344,0.01587301678955555,0.23027239739894867
0.4920634925365448,0.01587301678955555,0.3457507789134979
0.5079365372657776,0.01587301678955555,0.45811066031455994
0.523809552192688,0.01587301678955555,0.5662711262702942
0.5396825671195984,0.01587301678955555,0.6691915988922119
0.5555555820465088,0.01587301678955555,0.7658817768096924
0.5714285969734192,0.01587301678955555,0.8554110527038574
0.5873016119003296,0.01587301678955555,0.9369177222251892
0.60317462682724,0.01587301678955555,1.009616732597351
0.6190476417541504,0.01587301678955555,1.0728086233139038
0.6349206566810608,0.01587301678955555,1.125884771347046
0.6507936716079712,0.01587301678955555,1.168333888053894
0.6666666865348816,0.01587301678955555,1.1997475624084473
0.682539701461792,0.01587301678955555,1.219822883605957
0.6984127163887024,0.01587301678955555,1.228366732597351
0.7142857313156128,0.01587301678955555,1.2252968549728394
0.7301587462425232,0.01587301678955555,1.210642695426941
0.7460317611694336,0.01587301678955555,1.1845455169677734
0.761904776096344,0.01587301678955555,1.1472564935684204
0.7777777910232544,0.01587301678955555,1.099134922027588
0.7936508059501648,0.01587301678955555,1.0406441688537598
0.8095238208770752,0.01587301678955555,0.9723474979400635
0.8253968358039856,0.01587301678955555,0.8949026465415955
0.841269850730896,0.01587301678955555,0.8090554475784302
0.8571428656578064,0.01587301678955555,0.7156326770782471
0.8730158805847168,0.01587301678955555,0.6155340671539307
0.8888888955116272,0.01587301678955555,0.5097235441207886
0.9047619104385376,0.01587301678955555,0.39922022819519043
0.920634925365448,0.01587301678955555,0.28508830070495605
0.9365079402923584,0.01587301678955555,0.1684267818927765
0.9523809552192688,0.01587301678955555,0.05035937577486038
0.9682539701461792,0.01587301678955555,-0.06797703355550766
0.9841269850730896,0.01587301678955555,-0.18544259667396545
1.0,0.01587301678955555,-0.30090630054473877
0.0,0.0317460335791111,-0.528479814529419
0.01587301678955555,0.0317460335791111,-0.638628363609314
0.0317460335791111,0.0317460335791111,-0.7430016398429871
0.0476190485060215,0.0317460335791111,-0.8405952453613281
0.0634920671582222,0.0317460335791111,-0.9304697513580322
0.0793650820851326,0.0317460335791111,-1.0117607116699219
0.095238097012043,0.0317460335791111,-1.0836868286132812
0.1111111119389534,0.0317460335791111,-1.1455570459365845
0.1269841343164444,0.0317460335791111,-1.1967778205871582
0.1428571492433548,0.0317460335791111,-1.2368583679199219
0.1587301641702652,0.0317460335791111,-1.2654144763946533
0.1746031790971756,0.0317460335791111,-1.2821729183197021
0.190476194024086,0.0317460335791111,-1.2869720458984375
0.2063492089509964,0.0317460335791111,-1.2797648906707764
0.2222222238779068,0.0317460335791111,-1.2606170177459717
0.2380952388048172,0.0317460335791111,-1.2297080755233765
0.2539682686328888,0.0317460335791111,-1.1873294115066528
0.2698412835597992,0.0317460335791111,-1.1338824033737183
0.2857142984867096,0.0317460335791111,-1.0698750019073486
0.30158731341362,0.0317460335791111,-0.9959194660186768
0.3174603283405304,0.0317460335791111,-0.9127257466316223
0.3333333432674408,0.0317460335791111,-0.8210962414741516
0.3492063581943512,0.0317460335791111,-0.7219167351722717
0.3650793731212616,0.0317460335791111,-0.6161481738090515
0.380952388048172,0.0317460335791111,-0.5048160552978516
0.3968254029750824,0.0317460335791111,-0.38899916410446167
0.4126984179019928,0.0317460335791111,-0.2698185443878174
0.4285714328289032,0.0317460335791111,-0.14842601120471954
0.4444444477558136,0.0317460335791111,-0.02599278651177883
0.460317462682724,0.0317460335791111,0.09630179405212402
0.4761904776096344,0.0317460335791111,0.2172808200120926
0.4920634925365448,0.0317460335791111,0.33578136563301086
0.5079365372657776,0.0317460335791111,0.4506641924381256
0.523809552192688,0.0317460335791111,0.5608252882957458
0.5396825671195984,0.0317460335791111,0.6652057766914368
0.5555555820465088,0.0317460335791111,0.7628020644187927
0.5714285969734192,0.0317460335791111,0.8526753783226013
0.5873016119003296,0.0317460335791111,0.9339611530303955
0.60317462682724,0.0317460335791111,1.005876898765564
0.6190476417541504,0.0317460335791111,1.0677305459976196
0.6349206566810608,0.0317460335791111,1.1189265251159668
0.6507936716079712,0.0317460335791111,1.158972144126892
0.6666666865348816,0.0317460335791111,1.1874815225601196
0.682539701461792,0.0317460335791111,1.204180359840393
0.6984127163887024,0.0317460335791111,1.2089074850082397
0.7142857313156128,0.0317460335791111,1.2016178369522095
0.7301587462425232,0.0317460335791111,1.182381272315979
0.7460317611694336,0.0317460335791111,1.1513831615447998
0.761904776096344,0.0317460335791111,1.1089221239089966
0.7777777910232544,0.0317460335791111,1.055407166481018
0.7936508059501648,0.0317460335791111,0.9913533926010132
0.8095238208770752,0.0317460335791111,0.9173778295516968
0.8253968358039856,0.0317460335791111,0.8341927528381348
0.841269850730896,0.0317460335791111,0.742599606513977
0.8571428656578064,0.0317460335791111,0.643480122089386
0.8730158805847168,0.0317460335791111,0.5377891063690186
0.8888888955116272,0.0317460335791111,0.42654433846473694
0.9047619104385376,0.0317460335791111,0.310817152261734
0.920634925365448,0.0317460335791111,0.19172212481498718
0.9365079402923584,0.0317460335791111,0.07040614634752274
0.9523809552192688,0.0317460335791111,-0.05196239426732063
0.9682539701461792,0.0317460335791111,-0.17420509457588196
0.9841269850730896,0.0317460335791111,-0.29514461755752563
1.0,0.0317460335791111,-0.4136163592338562
0.0,0.0476190485060215,-0.6453231573104858
0.01587301678955555,0.0476190485060215,-0.7569282054901123
0.0317460335791111,0.0476190485060215,-0.8622063398361206
0.0476190485060215,0.0476190485060215,-0.9601445198059082
0.0634920671582222,0.0476190485060215,-1.0498011112213135
0.0793650820851326,0.0476190485060215,-1.1303144693374634
0.095238097012043,0.0476190485060215,-1.2009119987487793
0.1111111119389534,0.0476190485060215,-1.26091730594635
0.1269841343164444,0.0476190485060215,-1.3097567558288574
0.1428571492433548,0.0476190485060215,-1.3469643592834473
0.1587301641702652,0.0476190485060215,-1.372185468673706
0.1746031790971756,0.0476190485060215,-1.3851803541183472
0.190476194024086,0.0476190485060215,-1.3858238458633423
0.2063492089509964,0.0476190485060215,-1.3741077184677124
0.2222222238779068,0.0476190485060215,-1.3501380681991577
0.2380952388048172,0.0476190485060215,-1.3141365051269531
0.2539682686328888,0.0476190485060215,-1.2664378881454468
0.2698412835597992,0.0476190485060215,-1.2074881792068481
0.2857142984867096,0.0476190485060215,-1.137843370437622
0.30158731341362,0.0476190485060215,-1.0581655502319336
0.3174603283405304,0.0476190485060215,-0.9692181348800659
0.3333333432674408,0.0476190485060215,-0.8718594908714294
0.3492063581943512,0.0476190485060215,-0.7670340538024902
0.3650793731212616,0.0476190485060215,-0.6557621955871582
0.380952388048172,0.0476190485060215,-0.5391283631324768
0.3968254029750824,0.0476190485060215,-0.41826844215393066
0.4126984179019928,0.0476190485060215,-0.2943571209907532
0.4285714328289032,0.0476190485060215,-0.16859526932239532
0.4444444477558136,0.0476190485060215,-0.04219808802008629
0.460317462682724,0.0476190485060215,0.08361659198999405
0.4761904776096344,0.0476190485060215,0.2076389342546463
0.4920634925365448,0.0476190485060215,0.32867828011512756
0.5079365372657776,0.0476190485060215,0.44557297229766846
0.523809552192688,0.0476190485060215,0.5572018623352051
0.5396825671195984,0.0476190485060215,0.6624934077262878
0.5555555820465088,0.0476190485060215,0.76043701171875
0.5714285969734192,0.0476190485060215,0.850091278553009
0.5873016119003296,0.0476190485060215,0.9305946230888367
0.60317462682724,0.0476190485060215,1.0011729001998901
0.6190476417541504,0.0476190485060215,1.06114661693573
0.6349206566810608,0.0476190485060215,1.1099393367767334
0.6507936716079712,0.0476190485060215,1.147080659866333
0.6666666865348816,0.0476190485060215,1.1722134351730347
0.682539701461792,0.0476190485060215,1.1850955486297607
0.6984127163887024,0.0476190485060215,1.1856029033660889
0.7142857313156128,0.0476190485060215,1.173730731010437
0.7301587462425232,0.0476190485060215,1.1495933532714844
0.7460317611694336,0.0476190485060215,1.113423228263855
0.761904776096344,0.0476190485060215,1.0655688047409058
0.7777777910232544,0.0476190485060215,1.006490707397461
0.7936508059501648,0.0476190485060215,0.9367581605911255
0.8095238208770752,0.0476190485060215,0.8570424318313599
0.8253968358039856,0.0476190485060215,0.7681114077568054
0.841269850730896,0.0476190485060215,0.670821487903595
0.8571428656578064,0.0476190485060215,0.5661097168922424
0.8730158805847168,0.0476190485060215,0.4549843966960907
0.8888888955116272,0.0476190485060215,0.3385157883167267
0.9047619104385376,0.0476190485060215,0.2178255170583725
0.920634925365448,0.0476190485060215,0.094076007604599
0.9365079402923584,0.0476190485060215,-0.0315411351621151
0.9523809552192688,0.0476190485060215,-0.15781596302986145
0.9682539701461792,0.0476190485060215,-0.2835325598716736
0.9841269850730896,0.0476190485060215,-0.4074801206588745
1.0,0.0476190485060215,-0.5284649729728699
0.0,0.0634920671582222,-0.7626612782478333
0.01587301678955555,0.0634920671582222,-0.875170886516571
0.0317460335791111,0.0634920671582222,-0.980793833732605
0.0476190485060215,0.0634920671582222,-1.0785139799118042
0.0634920671582222,0.0634920671582222,-1.1673932075500488
0.0793650820851326,0.0634920671582222,-1.2465789318084717
0.095238097012043,0.0634920671582222,-1.315313458442688
0.1111111119389534,0.0634920671582222,-1.3729418516159058
0.1269841343164444,0.0634920671582222,-1.4189157485961914
0.1428571492433548,0.0634920671582222,-1.4528011083602905
0.1587301641702652,0.0634920671582222,-1.474278211593628
0.1746031790971756,0.0634920671582222,-1.4831455945968628
0.190476194024086,0.0634920671582222,-1.4793184995651245
0.2063492089509964,0.0634920671582222,-1.4628292322158813
0.2222222238779068,0.0634920671582222,-1.433825135231018
0.2380952388048172,0.0634920671582222,-1.392568588256836
0.2539682686328888,0.0634920671582222,-1.3394345045089722
0.2698412835597992,0.0634920671582222,-1.2749112844467163
0.2857142984867096,0.0634920671582222,-1.1995984315872192
0.30158731341362,0.0634920671582222,-1.1142055988311768
0.3174603283405304,0.0634920671582222,-1.0195480585098267
0.3333333432674408,0.0634920671582222,-0.9165406823158264
0.3492063581943512,0.0634920671582222,-0.8061877489089966
0.3650793731212616,0.0634920671582222,-0.6895719766616821
0.380952388048172,0.0634920671582222,-0.5678396224975586
0.3968254029750824,0.0634920671582222,-0.4421859681606293
0.4126984179019928,0.0634920671582222,-0.3138408362865448
0.4285714328289032,0.0634920671582222,-0.18405398726463318
0.4444444477558136,0.0634920671582222,-0.054082565009593964
0.460317462682724,0.0634920671582222,0.07482057064771652
0.4761904776096344,0.0634920671582222,0.20141743123531342
0.4920634925365448,0.0634920671582222,0.3244955241680145
0.5079365372657776,0.0634920671582222,0.4428771734237671
0.523809552192688,0.0634920671582222,0.5554301142692566
0.5396825671195984,0.0634920671582222,0.6610775589942932
0.5555555820465088,0.0634920671582222,0.7588072419166565
0.5714285969734192,0.0634920671582222,0.8476823568344116
0.5873016119003296,0.0634920671582222,0.9268500804901123
0.60317462682724,0.0634920671582222,0.9955493807792664
0.6190476417541504,0.0634920671582222,1.0531203746795654
0.6349206566810608,0.0634920671582222,1.0990089178085327
0.6507936716079712,0.0634920671582222,1.132773995399475
0.6666666865348816,0.0634920671582222,1.154090166091919
0.682539701461792,0.0634920671582222,1.162752628326416
0.6984127163887024,0.0634920671582222,1.1586774587631226
0.7142857313156128,0.0634920671582222,1.141904592514038
0.7301587462425232,0.0634920671582222,1.1125950813293457
0.7460317611694336,0.0634920671582222,1.0710315704345703
0.761904776096344,0.0634920671582222,1.0176140069961548
0.7777777910232544,0.0634920671582222,0.9528571367263794
0.7936508059501648,0.0634920671582222,0.8773843050003052
0.8095238208770752,0.0634920671582222,0.7919225692749023
0.8253968358039856,0.0634920671582222,0.6972948312759399
0.841269850730896,0.0634920671582222,0.594412624835968
0.8571428656578064,0.0634920671582222,0.484266459941864
0.8730158805847168,0.0634920671582222,0.36791735887527466
0.8888888955116272,0.0634920671582222,0.24648569524288177
0.9047619104385376,0.0634920671582222,0.12114093452692032
0.920634925365448,0.0634920671582222,-0.006909709889441729
0.9365079402923584,0.0634920671582222,-0.13643313944339752
0.9523809552192688,0.0634920671582222,-0.26618194580078125
0.9682539701461792,0.0634920671582222,-0.39490658044815063
0.9841269850730896,0.0634920671582222,-0.5213671922683716
1.0,0.0634920671582222,-0.6443461775779724
0.0,0.0793650820851326,-0.8793642520904541
0.01587301678955555,0.0793650820851326,-0.9922184348106384
0.0317460335791111,0.0793650820851326,-1.0976228713989258
0.0476190485060215,0.0793650820851326,-1.1945656538009644
0.0634920671582222,0.0793650820851326,-1.2821171283721924
0.0793650820851326,0.0793650820851326,-1.359440803527832
0.095238097012043,0.0793650820851326,-1.4258006811141968
0.1111111119389534,0.0793650820851326,-1.4805688858032227
0.1269841343164444,0.0793650820851326,-1.5232311487197876
0.1428571492433548,0.0793650820851326,-1.5533902645111084
0.1587301641702652,0.0793650820851326,-1.57076895236969
0.1746031790971756,0.0793650820851326,-1.5752079486846924
0.190476194024086,0.0793650820851326,-1.5666664838790894
0.2063492089509964,0.0793650820851326,-1.5452184677124023
0.2222222238779068,0.0793650820851326,-1.5110507011413574
0.2380952388048172,0.0793650820851326,-1.4644619226455688
0.2539682686328888,0.0793650820851326,-1.4058622121810913
0.2698412835597992,0.0793650820851326,-1.335774540901184
0.2857142984867096,0.0793650820851326,-1.254835844039917
0.30158731341362,0.0793650820851326,-1.163798213005066
0.3174603283405304,0.0793650820851326,-1.0635260343551636
0.3333333432674408,0.0793650820851326,-0.9549902081489563
0.3492063581943512,0.0793650820851326,-0.8392580151557922
0.3650793731212616,0.0793650820851326,-0.7174785733222961
0.380952388048172,0.0793650820851326,-0.5908654928207397
0.3968254029750824,0.0793650820851326,-0.4606785178184509
0.4126984179019928,0.0793650820851326,-0.3282057046890259
0.4285714328289032,0.0793650820851326,-0.19474682211875916
0.4444444477558136,0.0793650820851326,-0.06159994751214981
0.460317462682724,0.0793650820851326,0.06995061784982681
0.4761904776096344,0.0793650820851326,0.1986439973115921
0.4920634925365448,0.0793650820851326,0.32325249910354614
0.5079365372657776,0.0793650820851326,0.4425894618034363
0.523809552192688,0.0793650820851326,0.5555195808410645
0.5396825671195984,0.0793650820851326,0.6609670519828796
0.5555555820465088,0.0793650820851326,0.7579264044761658
0.5714285969734192,0.0793650820851326,0.8454708456993103
0.5873016119003296,0.0793650820851326,0.9227626919746399
0.60317462682724,0.0793650820851326,0.9890606999397278
0.6190476417541504,0.0793650820851326,1.0437285900115967
0.6349206566810608,0.0793650820851326,1.0862412452697754
0.6507936716079712,0.0793650820851326,1.1161898374557495
0.6666666865348816,0.0793650820851326,1.1332862377166748
0.682539701461792,0.0793650820851326,1.1373662948608398
0.6984127163887024,0.0793650820851326,1.1283904314041138
0.7142857313156128,0.0793650820851326,1.1064453125
0.7301587462425232,0.0793650820851326,1.0717424154281616
0.7460317611694336,0.0793650820851326,1.0246158838272095
0.761904776096344,0.0793650820851326,0.9655194878578186
0.7777777910232544,0.0793650820851326,0.895022451877594
0.7936508059501648,0.0793650820851326,0.8138036131858826
0.8095238208770752,0.0793650820851326,0.7226452231407166
0.8253968358039856,0.0793650820851326,0.6224250793457031
0.841269850730896,0.0793650820851326,0.5141085982322693
0.8571428656578064,0.0793650820851326,0.39873868227005005
0.8730158805847168,0.0793650820851326,0.27742648124694824
0.8888888955116272,0.0793650820851326,0.1513403356075287
0.9047619104385376,0.0793650820851326,0.02169448509812355
0.920634925365448,0.0793650820851326,-0.11026250571012497
0.9365079402923584,0.0793650820851326,-0.2432597577571869
0.9523809552192688,0.0793650820851326,-0.3760165870189667
0.9682539701461792,0.0793650820851326,-0.5072543025016785
0.9841269850730896,0.0793650820851326,-0.6357090473175049
1.0,0.0793650820851326,-0.7601438760757446
0.0,0.095238097012043,-0.9943088889122009
0.01587301678955555,0.095238097012043,-1.10694420337677
0.0317460335791111,0.095238097012043,-1.211570382118225
0.0476190485060215,0.095238097012043,-1.3071845769882202
0.0634920671582222,0.095238097012043,-1.3928731679916382
0.0793650820851326,0.095238097012043,-1.4678220748901367
0.095238097012043,0.095238097012043,-1.5313239097595215
0.1111111119389534,0.095238097012043,-1.5827863216400146
0.1269841343164444,0.095238097012043,-1.6217353343963623
0.1428571492433548,0.095238097012043,-1.6478198766708374
0.1587301641702652,0.095238097012043,-1.660809874534607
0.1746031790971756,0.095238097012043,-1.6605948209762573
0.190476194024086,0.095238097012043,-1.6471792459487915
0.2063492089509964,0.095238097012043,-1.6206789016723633
0.2222222238779068,0.095238097012043,-1.581315517425537
0.2380952388048172,0.095238097012043,-1.5294170379638672
0.2539682686328888,0.095238097012043,-1.4654181003570557
0.2698412835597992,0.095238097012043,-1.3898652791976929
0.2857142984867096,0.095238097012043,-1.3034223318099976
0.30158731341362,0.095238097012043,-1.206875205039978
0.3174603283405304,0.095238097012043,-1.1011329889297485
0.3333333432674408,0.095238097012043,-0.9872228503227234
0.3492063581943512,0.095238097012043,-0.8662789463996887
0.3650793731212616,0.095238097012043,-0.739524245262146
0.380952388048172,0.095238097012043,-0.6082484126091003
0.3968254029750824,0.095238097012043,-0.4737837016582489
0.4126984179019928,0.095238097012043,-0.3374828100204468
0.4285714328289032,0.095238097012043,-0.2006991058588028
0.4444444477558136,0.095238097012043,-0.06477130949497223
0.460317462682724,0.095238097012043,0.06898801028728485
0.4761904776096344,0.095238097012043,0.1993011236190796
0.4920634925365448,0.095238097012043,0.3249323070049286
0.5079365372657776,0.095238097012043,0.44469478726387024
0.523809552192688,0.095238097012043,0.5574581027030945
0.5396825671195984,0.095238097012043,0.6621567606925964
0.5555555820465088,0.095238097012043,0.7577989101409912
0.5714285969734192,0.095238097012043,0.8434757590293884
0.5873016119003296,0.095238097012043,0.91837078332901
0.60317462682724,0.095238097012043,0.9817683100700378
0.6190476417541504,0.095238097012043,1.0330615043640137
0.6349206566810608,0.095238097012043,1.0717582702636719
0.6507936716079712,0.095238097012043,1.097487449645996
0.6666666865348816,0.095238097012043,1.110001802444458
0.682539701461792,0.095238097012043,1.1091809272766113
0.6984127163887024,0.095238097012043,1.0950329303741455
0.7142857313156128,0.095238097012043,1.0676946640014648
0.7301587462425232,0.095238097012043,1.0274287462234497
0.7460317611694336,0.095238097012043,0.9746232628822327
0.761904776096344,0.095238097012043,0.9097867608070374
0.7777777910232544,0.095238097012043,0.8335437178611755
0.7936508059501648,0.095238097012043,0.7466282248497009
0.8095238208770752,0.095238097012043,0.6498774886131287
0.8253968358039856,0.095238097012043,0.5442231893539429
0.841269850730896,0.095238097012043,0.43068286776542664
0.8571428656578064,0.095238097012043,0.31034988164901733
0.8730158805847168,0.095238097012043,0.18438322842121124
0.8888888955116272,0.095238097012043,0.053996022790670395
0.9047619104385376,0.095238097012043,-0.07955613732337952
0.920634925365448,0.095238097012043,-0.21498696506023407
0.9365079402923584,0.095238097012043,-0.350992351770401
0.9523809552192688,0.095238097012043,-0.4862622320652008
0.9682539701461792,0.095238097012043,-0.6194940805435181
0.9841269850730896,0.095238097012043,-0.7494046688079834
1.0,0.095238097012043,-0.8747431039810181
0.0,0.1111111119389534,-1.1063883304595947
0.01587301678955555,0.1111111119389534,-1.218244194984436
0.0317460335791111,0.1111111119389534,-1.321540355682373
0.0476190485060215,0.1111111119389534,-1.4152895212173462
0.0634920671582222,0.1111111119389534,-1.4986011981964111
0.0793650820851326,0.1111111119389534,-1.5706900358200073
0.095238097012043,0.1111111119389534,-1.6308859586715698
0.1111111119389534,0.1111111119389534,-1.6786397695541382
0.1269841343164444,0.1111111119389534,-1.713527798652649
0.1428571492433548,0.1111111119389534,-1.7352519035339355
0.1587301641702652,0.1111111119389534,-1.7436378002166748
0.1746031790971756,0.1111111119389534,-1.7386285066604614
0.190476194024086,0.1111111119389534,-1.720276117324829
0.2063492089509964,0.1111111119389534,-1.6887351274490356
0.2222222238779068,0.1111111119389534,-1.6442553997039795
0.2380952388048172,0.1111111119389534,-1.5871821641921997
0.2539682686328888,0.1111111119389534,-1.5179592370986938
0.2698412835597992,0.1111111119389534,-1.4371401071548462
0.2857142984867096,0.1111111119389534,-1.3453993797302246
0.30158731341362,0.1111111119389534,-1.2435450553894043
0.3174603283405304,0.1111111119389534,-1.1325238943099976
0.3333333432674408,0.1111111119389534,-1.0134202241897583
0.3492063581943512,0.1111111119389534,-0.887441098690033
0.3650793731212616,0.1111111119389534,-0.7558941841125488
0.380952388048172,0.1111111119389534,-0.6201581358909607
0.3968254029750824,0.1111111119389534,-0.48165082931518555
0.4126984179019928,0.1111111119389534,-0.34179970622062683
0.4285714328289032,0.1111111119389534,-0.2020176351070404
0.4444444477558136,0.1111111119389534,-0.06368571519851685
0.460317462682724,0.1111111119389534,0.07185828685760498
0.4761904776096344,0.1111111119389534,0.20332574844360352
0.4920634925365448,0.1111111119389534,0.3294820785522461
0.5079365372657776,0.1111111119389534,0.44914960861206055
0.523809552192688,0.1111111119389534,0.5612134337425232
0.5396825671195984,0.1111111119389534,0.664627194404602
0.5555555820465088,0.1111111119389534,0.7584218978881836
0.5714285969734192,0.1111111119389534,0.8417139649391174
0.5873016119003296,0.1111111119389534,0.9137154221534729
0.60317462682724,0.1111111119389534,0.973741888999939
0.6190476417541504,0.1111111119389534,1.0212211608886719
0.6349206566810608,0.1111111119389534,1.0556998252868652
0.6507936716079712,0.1111111119389534,1.0768470764160156
0.6666666865348816,0.1111111119389534,1.084460735321045
0.682539701461792,0.1111111119389534,1.078467845916748
0.6984127163887024,0.1111111119389534,1.0589265823364258
0.7142857313156128,0.1111111119389534,1.0260251760482788
0.7301587462425232,0.1111111119389534,0.9800804257392883
0.7460317611694336,0.1111111119389534,0.9215348362922668
0.761904776096344,0.1111111119389534,0.8509523868560791
0.7777777910232544,0.1111111119389534,0.7690127491950989
0.7936508059501648,0.1111111119389534,0.6765049695968628
0.8095238208770752,0.1111111119389534,0.5743200778961182
0.8253968358039856,0.1111111119389534,0.46344196796417236
0.841269850730896,0.1111111119389534,0.3449386954307556
0.8571428656578064,0.1111111119389534,0.219951331615448
0.8730158805847168,0.1111111119389534,0.08968360722064972
0.8888888955116272,0.1111111119389534,-0.04460984840989113
0.9047619104385376,0.1111111119389534,-0.18163587152957916
0.920634925365448,0.1111111119389534,-0.32007473707199097
0.9365079402923584,0.1111111119389534,-0.4585931599140167
0.9523809552192688,0.1111111119389534,-0.5958571434020996
0.9682539701461792,0.1111111119389534,-0.7305447459220886
0.9841269850730896,0.1111111119389534,-0.8613589406013489
1.0,0.1111111119389534,-0.9870399832725525
0.0,0.1269841343164444,-1.2145237922668457
0.01587301678955555,0.1269841343164444,-1.3250478506088257
0.0317460335791111,0.1269841343164444,-1.426476001739502
0.0476190485060215,0.1269841343164444,-1.5178439617156982
0.0634920671582222,0.1269841343164444,-1.5982900857925415
0.0793650820851326,0.1269841343164444,-1.6670671701431274
0.095238097012043,0.1269841343164444,-1.7235499620437622
0.1111111119389534,0.1269841343164444,-1.7672427892684937
0.1269841343164444,0.1269841343164444,-1.7977807521820068
0.1428571492433548,0.1269841343164444,-1.814929485321045
0.1587301641702652,0.1269841343164444,-1.8185781240463257
0.1746031790971756,0.1269841343164444,-1.808728575706482
0.190476194024086,0.1269841343164444,-1.7854821681976318
0.2063492089509964,0.1269841343164444,-1.7490276098251343
0.2222222238779068,0.1269841343164444,-1.699632167816162
0.2380952388048172,0.1269841343164444,-1.6376409530639648
0.2539682686328888,0.1269841343164444,-1.5634863376617432
0.2698412835597992,0.1269841343164444,-1.4777053594589233
0.2857142984867096,0.1269841343164444,-1.3809618949890137
0.30158731341362,0.1269841343164444,-1.2740694284439087
0.3174603283405304,0.1269841343164444,-1.1580051183700562
0.3333333432674408,0.1269841343164444,-1.0339093208312988
0.3492063581943512,0.1269841343164444,-0.9030711054801941
0.3650793731212616,0.1269841343164444,-0.7668983936309814
0.380952388048172,0.1269841343164444,-0.6268770694732666
0.3968254029750824,0.1269841343164444,-0.48452839255332947
0.4126984179019928,0.1269841343164444,-0.3413696885108948
0.4285714328289032,0.1269841343164444,-0.19888272881507874
0.4444444477558136,0.1269841343164444,-0.05849417299032211
0.460317462682724,0.1269841343164444,0.0784350335597992
0.4761904776096344,0.1269841343164444,0.21061260998249054
0.4920634925365448,0.1269841343164444,0.3368145227432251
0.5079365372657776,0.1269841343164444,0.45588403940200806
0.523809552192688,0.1269841343164444,0.5667327046394348
0.5396825671195984,0.1269841343164444,0.6683449149131775
0.5555555820465088,0.1269841343164444,0.7597836256027222
0.5714285969734192,0.1269841343164444,0.8401992321014404
0.5873016119003296,0.1269841343164444,0.9088395237922668
0.60317462682724,0.1269841343164444,0.9650576114654541
0.6190476417541504,0.1269841343164444,1.0083212852478027
0.6349206566810608,0.1269841343164444,1.0382193326950073
0.6507936716079712,0.1269841343164444,1.0544666051864624
0.6666666865348816,0.1269841343164444,1.0569086074829102
0.682539701461792,0.1269841343164444,1.0455224514007568
0.6984127163887024,0.1269841343164444,1.0204180479049683
0.7142857313156128,0.1269841343164444,0.9818377494812012
0.7301587462425232,0.1269841343164444,0.9301528930664062
0.7460317611694336,0.1269841343164444,0.8658614158630371
0.761904776096344,0.1269841343164444,0.7895824313163757
0.7777777910232544,0.1269841343164444,0.702050507068634
0.7936508059501648,0.1269841343164444,0.6041086316108704
0.8095238208770752,0.1269841343164444,0.49670013785362244
0.8253968358039856,0.1269841343164444,0.3808591961860657
0.841269850730896,0.1269841343164444,0.2577016055583954
0.8571428656578064,0.1269841343164444,0.12841328978538513
0.8730158805847168,0.1269841343164444,-0.005760579369962215
0.8888888955116272,0.1269841343164444,-0.1435278356075287
0.9047619104385376,0.1269841343164444,-0.2835617661476135
0.920634925365448,0.1269841343164444,-0.42451366782188416
0.9365079402923584,0.1269841343164444,-0.5650261044502258
0.9523809552192688,0.1269841343164444,-0.7037459015846252
0.9682539701461792,0.1269841343164444,-0.839337170124054
0.9841269850730896,0.1269841343164444,-0.9704939126968384
1.0,0.1269841343164444,-1.0959532260894775
0.0,0.1428571492433548,-1.3176746368408203
0.01587301678955555,0.1428571492433548,-1.4263274669647217
0.0317460335791111,0.1428571492433548,-1.5253692865371704
0.0476190485060215,0.1428571492433548,-1.6138641834259033
0.0634920671582222,0.1428571492433548,-1.6909880638122559
0.0793650820851326,0.1428571492433548,-1.756039023399353
0.095238097012043,0.1428571492433548,-1.8084471225738525
0.1111111119389534,0.1428571492433548,-1.8477795124053955
0.1269841343164444,0.1428571492433548,-1.8737421035766602
0.1428571492433548,0.1428571492433548,-1.8861746788024902
0.1587301641702652,0.1428571492433548,-1.8850384950637817
0.1746031790971756,0.1428571492433548,-1.8704007863998413
0.190476194024086,0.1428571492433548,-1.842411994934082
0.2063492089509964,0.1428571492433548,-1.8012889623641968
0.2222222238779068,0.1428571492433548,-1.7473013401031494
0.2380952388048172,0.1428571492433548,-1.680773138999939
0.2539682686328888,0.1428571492433548,-1.6020972728729248
0.2698412835597992,0.1428571492433548,-1.511764407157898
0.2857142984867096,0.1428571492433548,-1.410401463508606
0.30158731341362,0.1428571492433548,-1.2988064289093018
0.3174603283405304,0.1428571492433548,-1.177975058555603
0.3333333432674408,0.1428571492433548,-1.0491054058074951
0.3492063581943512,0.1428571492433548,-0.9135799407958984
0.3650793731212616,0.1428571492433548,-0.7729259133338928
0.380952388048172,0.1428571492433548,-0.6287604570388794
0.3968254029750824,0.1428571492433548,-0.48273199796676636
0.4126984179019928,0.1428571492433548,-0.33646684885025024
0.4285714328289032,0.1428571492433548,-0.1915288269519806
0.4444444477558136,0.1428571492433548,-0.04939565435051918
0.460317462682724,0.1428571492433548,0.08855053037405014
0.4761904776096344,0.1428571492433548,0.2210208922624588
0.4920634925365448,0.1428571492433548,0.34681326150894165
0.5079365372657776,0.1428571492433548,0.46480435132980347
0.523809552192688,0.1428571492433548,0.5739457011222839
0.5396825671195984,0.1428571492433548,0.6732638478279114
0.5555555820465088,0.1428571492433548,0.7618650197982788
0.5714285969734192,0.1428571492433548,0.8389428853988647
0.5873016119003296,0.1428571492433548,0.9037880897521973
0.60317462682724,0.1428571492433548,0.9557976126670837
0.6190476417541504,0.1428571492433548,0.9944847226142883
0.6349206566810608,0.1428571492433548,1.0194844007492065
0.6507936716079712,0.1428571492433548,1.0305607318878174
0.6666666865348816,0.1428571492433548,1.0276095867156982
0.682539701461792,0.1428571492433548,1.0106604099273682
0.6984127163887024,0.1428571492433548,0.9798771739006042
0.7142857313156128,0.1428571492433548,0.9355567097663879
0.7301587462425232,0.1428571492433548,0.8781259655952454
0.7460317611694336,0.1428571492433548,0.8081380128860474
0.761904776096344,0.1428571492433548,0.7262669205665588
0.7777777910232544,0.1428571492433548,0.6333010196685791
0.7936508059501648,0.1428571492433548,0.5301357507705688
0.8095238208770752,0.1428571492433548,0.4177645444869995
0.8253968358039856,0.1428571492433548,0.2972695231437683
0.841269850730896,0.1428571492433548,0.1698111891746521
0.8571428656578064,0.1428571492433548,0.036616917699575424
0.8730158805847168,0.1428571492433548,-0.10103048384189606
0.8888888955116272,0.1428571492433548,-0.24180549383163452
0.9047619104385376,0.1428571492433548,-0.38435232639312744
0.920634925365448,0.1428571492433548,-0.527298092842102
0.9365079402923584,0.1428571492433548,-0.6692662239074707
0.9523809552192688,0.1428571492433548,-0.8088895678520203
0.9682539701461792,0.1428571492433548,-0.9448232650756836
0.9841269850730896,0.1428571492433548,-1.0757583379745483
1.0,0.1428571492433548,-1.200433611869812
0.0,0.1587301641702652,-1.4148476123809814
0.01587301678955555,0.1587301641702652,-1.5211091041564941
0.0317460335791111,0.1587301641702652,-1.6172696352005005
0.0476190485060215,0.1587301641702652,-1.7024295330047607
0.0634920671582222,0.1587301641702652,-1.775809407234192
0.0793650820851326,0.1587301641702652,-1.8367618322372437
0.095238097012043,0.1587301641702652,-1.8847812414169312
0.1111111119389534,0.1587301641702652,-1.9195096492767334
0.1269841343164444,0.1587301641702652,-1.9407349824905396
0.1428571492433548,0.1587301641702652,-1.9483827352523804
0.1587301641702652,0.1587301641702652,-1.9424971342086792
0.1746031790971756,0.1587301641702652,-1.9232155084609985
0.190476194024086,0.1587301641702652,-1.8907380104064941
0.2063492089509964,0.1587301641702652,-1.8453006744384766
0.2222222238779068,0.1587301641702652,-1.7871582508087158
0.2380952388048172,0.1587301641702652,-1.7165871858596802
0.2539682686328888,0.1587301641702652,-1.633907675743103
0.2698412835597992,0.1587301641702652,-1.5395305156707764
0.2857142984867096,0.1587301641702652,-1.434011697769165
0.30158731341362,0.1587301641702652,-1.3181102275848389
0.3174603283405304,0.1587301641702652,-1.1928273439407349
0.3333333432674408,0.1587301641702652,-1.059419870376587
0.3492063581943512,0.1587301641702652,-0.9193770289421082
0.3650793731212616,0.1587301641702652,-0.7743688821792603
0.380952388048172,0.1587301641702652,-0.6261723041534424
0.3968254029750824,0.1587301641702652,-0.476591020822525
0.4126984179019928,0.1587301641702652,-0.3273838758468628
0.4285714328289032,0.1587301641702652,-0.18021269142627716
0.4444444477558136,0.1587301641702652,-0.03661317750811577
0.460317462682724,0.1587301641702652,0.1020122766494751
0.4761904776096344,0.1587301641702652,0.2343861162662506
0.4920634925365448,0.1587301641702652,0.3593400716781616
0.5079365372657776,0.1587301641702652,0.47579821944236755
0.523809552192688,0.1587301641702652,0.582766592502594
0.5396825671195984,0.1587301641702652,0.6793270111083984
0.5555555820465088,0.1587301641702652,0.7646405100822449
0.5714285969734192,0.1587301641702652,0.8379533886909485
0.5873016119003296,0.1587301641702652,0.8986072540283203
0.60317462682724,0.1587301641702652,0.9460494518280029
0.6190476417541504,0.1587301641702652,0.979843020439148
0.6349206566810608,0.1587301641702652,0.9996737837791443
0.6507936716079712,0.1587301641702652,1.0053578615188599
0.6666666865348816,0.1587301641702652,0.9968439340591431
0.682539701461792,0.1587301641702652,0.9742158055305481
0.6984127163887024,0.1587301641702652,0.9376922845840454
0.7142857313156128,0.1587301641702652,0.8876258730888367
0.7301587462425232,0.1587301641702652,0.8244985342025757
0.7460317611694336,0.1587301641702652,0.7489185333251953
0.761904776096344,0.1587301641702652,0.6616136431694031
0.7777777910232544,0.1587301641702652,0.5634247064590454
0.7936508059501648,0.1587301641702652,0.45529705286026
0.8095238208770752,0.1587301641702652,0.3382721543312073
0.8253968358039856,0.1587301641702652,0.21347682178020477
0.841269850730896,0.1587301641702652,0.08211300522089005
0.8571428656578064,0.1587301641702652,-0.054554421454668045
0.8730158805847168,0.1587301641702652,-0.19520917534828186
0.8888888955116272,0.1587301641702652,-0.3384968340396881
0.9047619104385376,0.1587301641702652,-0.48303720355033875
0.920634925365448,0.1587301641702652,-0.6274385452270508
0.9365079402923584,0.1587301641702652,-0.7703099846839905
0.9523809552192688,0.1587301641702652,-0.9102756381034851
0.9682539701461792,0.1587301641702652,-1.0459874868392944
0.9841269850730896,0.1587301641702652,-1.1761385202407837
1.0,0.1587301641702652,-1.2994754314422607
0.0,0.1746031790971756,-1.5051077604293823
0.01587301678955555,0.1746031790971756,-1.608480453491211
0.0317460335791111,0.1746031790971756,-1.701293706893921
0.0476190485060215,0.1746031790971756,-1.7826900482177734
0.0634920671582222,0.1746031790971756,-1.8519424200057983
0.0793650820851326,0.1746031790971756,-1.9084665775299072
0.095238097012043,0.1746031790971756,-1.9518319368362427
0.1111111119389534,0.1746031790971756,-1.9817659854888916
0.1269841343164444,0.1746031790971756,-1.9981510639190674
0.1428571492433548,0.1746031790971756,-2.0010106563568115
0.1587301641702652,0.1746031790971756,-1.9904811382293701
0.1746031790971756,0.1746031790971756,-1.966776728630066
0.190476194024086,0.1746031790971756,-1.930145502090454
0.2063492089509964,0.1746031790971756,-1.8808335065841675
0.2222222238779068,0.1746031790971756,-1.819061040878296
0.2380952388048172,0.1746031790971756,-1.7450270652770996
0.2539682686328888,0.1746031790971756,-1.6589449644088745
0.2698412835597992,0.1746031790971756,-1.5611052513122559
0.2857142984867096,0.1746031790971756,-1.4519593715667725
0.30158731341362,0.1746031790971756,-1.3321994543075562
0.3174603283405304,0.1746031790971756,-1.2028192281723022
0.3333333432674408,0.1746031790971756,-1.0651339292526245
0.3492063581943512,0.1746031790971756,-0.9207550883293152
0.3650793731212616,0.1746031790971756,-0.7715210318565369
0.380952388048172,0.1746031790971756,-0.6193987131118774
0.3968254029750824,0.1746031790971756,-0.46637794375419617
0.4126984179019928,0.1746031790971756,-0.31437602639198303
0.4285714328289032,0.1746031790971756,-0.16517025232315063
0.4444444477558136,0.1746031790971756,-0.020362501963973045
0.460317462682724,0.1746031790971756,0.11862554401159286
0.4761904776096344,0.1746031790971756,0.2505355477333069
0.4920634925365448,0.1746031790971756,0.37424540519714355
0.5079365372657776,0.1746031790971756,0.4887417256832123
0.523809552192688,0.1746031790971756,0.5930989384651184
0.5396825671195984,0.1746031790971756,0.6864688396453857
0.5555555820465088,0.1746031790971756,0.7680785059928894
0.5714285969734192,0.1746031790971756,0.837236762046814
0.5873016119003296,0.1746031790971756,0.8933441638946533
0.60317462682724,0.1746031790971756,0.9359040260314941
0.6190476417541504,0.1746031790971756,0.9645341038703918
0.6349206566810608,0.1746031790971756,0.9789751768112183
0.6507936716079712,0.1746031790971756,0.9790971875190735
0.6666666865348816,0.1746031790971756,0.9649043083190918
0.682539701461792,0.1746031790971756,0.936535656452179
0.6984127163887024,0.1746031790971756,0.8942658305168152
0.7142857313156128,0.1746031790971756,0.8385026454925537
0.7301587462425232,0.1746031790971756,0.7697832584381104
0.7460317611694336,0.1746031790971756,0.6887696385383606
0.761904776096344,0.1746031790971756,0.5962419509887695
0.7777777910232544,0.1746031790971756,0.4930911660194397
0.7936508059501648,0.1746031790971756,0.3803105354309082
0.8095238208770752,0.1746031790971756,0.25898608565330505
0.8253968358039856,0.1746031790971756,0.1302860528230667
0.841269850730896,0.1746031790971756,-0.004550153389573097
0.8571428656578064,0.1746031790971756,-0.1442241668701172
0.8730158805847168,0.1746031790971756,-0.2873908579349518
0.8888888955116272,0.1746031790971756,-0.432671457529068
0.9047619104385376,0.1746031790971756,-0.5786668658256531
0.920634925365448,0.1746031790971756,-0.7239709496498108
0.9365079402923584,0.1746031790971756,-0.8671844601631165
0.9523809552192688,0.1746031790971756,-1.0069279670715332
0.9682539701461792,0.1746031790971756,-1.1418557167053223
0.9841269850730896,0.1746031790971756,-1.2706681489944458
1.0,0.1746031790971756,-1.3921245336532593
0.0,0.190476194024086,-1.5875855684280396
0.01587301678955555,0.190476194024086,-1.6876003742218018
0.0317460335791111,0.190476194024086,-1.7766321897506714
0.0476190485060215,0.190476194024086,-1.8538728952407837
0.0634920671582222,0.190476194024086,-1.9186545610427856
0.0793650820851326,0.190476194024086,-1.9704644680023193
0.095238097012043,0.190476194024086,-2.008955717086792
0.1111111119389534,0.190476194024086,-2.0339529514312744
0.1269841343164444,0.190476194024086,-2.0454440116882324
0.1428571492433548,0.190476194024086,-2.0435612201690674
0.1587301641702652,0.190476194024086,-2.0285427570343018
0.1746031790971756,0.190476194024086,-2.0006847381591797
0.190476194024086,0.190476194024086,-1.9602820873260498
0.2063492089509964,0.190476194024086,-1.9075803756713867
0.2222222238779068,0.190476194024086,-1.8427455425262451
0.2380952388048172,0.190476194024086,-1.765871524810791
0.2539682686328888,0.190476194024086,-1.6770273447036743
0.2698412835597992,0.190476194024086,-1.5763475894927979
0.2857142984867096,0.190476194024086,-1.4641423225402832
0.30158731341362,0.190476194024086,-1.3410115242004395
0.3174603283405304,0.190476194024086,-1.2079261541366577
0.3333333432674408,0.190476194024086,-1.0662612915039062
0.3492063581943512,0.190476194024086,-0.9177639484405518
0.3650793731212616,0.190476194024086,-0.7644650340080261
0.380952388048172,0.190476194024086,-0.6085518598556519
0.3968254029750824,0.190476194024086,-0.45222949981689453
0.4126984179019928,0.190476194024086,-0.29759886860847473
0.4285714328289032,0.190476194024086,-0.1465693861246109
0.4444444477558136,0.190476194024086,-0.0008169441716745496
0.460317462682724,0.190476194024086,0.1382184475660324
0.4761904776096344,0.190476194024086,0.2693052589893341
0.4920634925365448,0.190476194024086,0.39138010144233704
0.5079365372657776,0.190476194024086,0.5035057663917542
0.523809552192688,0.190476194024086,0.6048403382301331
0.5396825671195984,0.190476194024086,0.6946178674697876
0.5555555820465088,0.190476194024086,0.7721433639526367
0.5714285969734192,0.190476194024086,0.8367972373962402
0.5873016119003296,0.190476194024086,0.888046145439148
0.60317462682724,0.190476194024086,0.9254550933837891
0.6190476417541504,0.190476194024086,0.9487012624740601
0.6349206566810608,0.190476194024086,0.9575825929641724
0.6507936716079712,0.190476194024086,0.9520261287689209
0.6666666865348816,0.190476194024086,0.9320921301841736
0.682539701461792,0.190476194024086,0.8979763984680176
0.6984127163887024,0.190476194024086,0.8500091433525085
0.7142857313156128,0.190476194024086,0.7886533737182617
0.7301587462425232,0.190476194024086,0.7145003080368042
0.7460317611694336,0.190476194024086,0.6282641291618347
0.761904776096344,0.190476194024086,0.5307753086090088
0.7777777910232544,0.190476194024086,0.4229724705219269
0.7936508059501648,0.190476194024086,0.3058934807777405
0.8095238208770752,0.190476194024086,0.18066568672657013
0.8253968358039856,0.190476194024086,0.04849473014473915
0.841269850730896,0.190476194024086,-0.08934661000967026
0.8571428656578064,0.190476194024086,-0.23153112828731537
0.8730158805847168,0.190476194024086,-0.37668949365615845
0.8888888955116272,0.190476194024086,-0.5234239101409912
0.9047619104385376,0.190476194024086,-0.6703211665153503
0.920634925365448,0.190476194024086,-0.8159666061401367
0.9365079402923584,0.190476194024086,-0.9589571952819824
0.9523809552192688,0.190476194024086,-1.0979161262512207
0.9682539701461792,0.190476194024086,-1.2315047979354858
0.9841269850730896,0.190476194024086,-1.3584365844726562
1.0,0.190476194024086,-1.4774892330169678
0.0,0.2063492089509964,-1.6614866256713867
0.01587301678955555,0.2063492089509964,-1.7577060461044312
0.0317460335791111,0.2063492089509964,-1.84255850315094
0.0476190485060215,0.2063492089509964,-1.9152902364730835
0.0634920671582222,0.2063492089509964,-1.9752988815307617
0.0793650820851326,0.2063492089509964,-2.0221500396728516
0.095238097012043,0.2063492089509964,-2.055589199066162
0.1111111119389534,0.2063492089509964,-2.0755455493927
0.1269841343164444,0.2063492089509964,-2.082123041152954
0.1428571492433548,0.2063492089509964,-2.0755717754364014
0.1587301641702652,0.2063492089509964,-2.056239366531372
0.1746031790971756,0.2063492089509964,-2.0245063304901123
0.190476194024086,0.2063492089509964,-1.9807138442993164
0.2063492089509964,0.2063492089509964,-1.9250978231430054
0.2222222238779068,0.2063492089509964,-1.8577533960342407
0.2380952388048172,0.2063492089509964,-1.778643250465393
0.2539682686328888,0.2063492089509964,-1.6876636743545532
0.2698412835597992,0.2063492089509964,-1.5847582817077637
0.2857142984867096,0.2063492089509964,-1.4700678586959839
0.30158731341362,0.2063492089509964,-1.344075322151184
0.3174603283405304,0.2063492089509964,-1.2077176570892334
0.3333333432674408,0.2063492089509964,-1.0624278783798218
0.3492063581943512,0.2063492089509964,-0.9100996851921082
0.3650793731212616,0.2063492089509964,-0.7529757618904114
0.380952388048172,0.2063492089509964,-0.5934872627258301
0.3968254029750824,0.2063492089509964,-0.43407881259918213
0.4126984179019928,0.2063492089509964,-0.27705422043800354
0.4285714328289032,0.2063492089509964,-0.12446849793195724
0.4444444477558136,0.2063492089509964,0.02192300744354725
0.460317462682724,0.2063492089509964,0.16066347062587738
0.4761904776096344,0.2063492089509964,0.29055550694465637
0.4920634925365448,0.2063492089509964,0.41060495376586914
0.5079365372657776,0.2063492089509964,0.5199636816978455
0.523809552192688,0.2063492089509964,0.6178855299949646
0.5396825671195984,0.2063492089509964,0.7036985158920288
0.5555555820465088,0.2063492089509964,0.7767952680587769
0.5714285969734192,0.2063492089509964,0.8366358876228333
0.5873016119003296,0.2063492089509964,0.8827590942382812
0.60317462682724,0.2063492089509964,0.9147970676422119
0.6190476417541504,0.2063492089509964,0.9324890375137329
0.6349206566810608,0.2063492089509964,0.9356932640075684
0.6507936716079712,0.2063492089509964,0.9243951439857483
0.6666666865348816,0.2063492089509964,0.8987125158309937
0.682539701461792,0.2063492089509964,0.8588978052139282
0.6984127163887024,0.2063492089509964,0.8053366541862488
0.7142857313156128,0.2063492089509964,0.7385463118553162
0.7301587462425232,0.2063492089509964,0.6591704487800598
0.7460317611694336,0.2063492089509964,0.5679735541343689
0.761904776096344,0.2063492089509964,0.4658336937427521
0.7777777910232544,0.2063492089509964,0.3537341356277466
0.7936508059501648,0.2063492089509964,0.2327539175748825
0.8095238208770752,0.2063492089509964,0.10405765473842621
0.8253968358039856,0.2063492089509964,-0.031115837395191193
0.841269850730896,0.2063492089509964,-0.17146502435207367
0.8571428656578064,0.2063492089509964,-0.3156387507915497
0.8730158805847168,0.2063492089509964,-0.46224862337112427
0.8888888955116272,0.2063492089509964,-0.6098827719688416
0.9047619104385376,0.2063492089509964,-0.7571196556091309
0.920634925365448,0.2063492089509964,-0.9025406837463379
0.9365079402923584,0.2063492089509964,-1.044745683670044
0.9523809552192688,0.2063492089509964,-1.1823647022247314
0.9682539701461792,0.2063492089509964,-1.3140720129013062
0.9841269850730896,0.2063492089509964,-1.4385993480682373
1.0,0.2063492089509964,-1.554747223854065
0.0,0.2222222238779068,-1.7260977029800415
0.01587301678955555,0.2222222238779068,-1.8181204795837402
0.0317460335791111,0.2222222238779068,-1.8984341621398926
0.0476190485060215,0.2222222238779068,-1.9663441181182861
0.0634920671582222,0.2222222238779068,-2.0213184356689453
0.0793650820851326,0.2222222238779068,-2.0630056858062744
0.095238097012043,0.2222222238779068,-2.0912489891052246
0.1111111119389534,0.2222222238779068,-2.1060893535614014
0.1269841343164444,0.2222222238779068,-2.10775089263916
0.1428571492433548,0.2222222238779068,-2.0966076850891113
0.1587301641702652,0.2222222238779068,-2.073120355606079
0.1746031790971756,0.2222222238779068,-2.037757158279419
0.190476194024086,0.2222222238779068,-1.9909025430679321
0.2063492089509964,0.2222222238779068,-1.9327768087387085
0.2222222238779068,0.2222222238779068,-1.8633918762207031
0.2380952388048172,0.2222222238779068,-1.782564401626587
0.2539682686328888,0.2222222238779068,-1.6899958848953247
0.2698412835597992,0.2222222238779068,-1.5854198932647705
0.2857142984867096,0.2222222238779068,-1.4687857627868652
0.30158731341362,0.2222222238779068,-1.3404450416564941
0.3174603283405304,0.2222222238779068,-1.2012892961502075
0.3333333432674408,0.2222222238779068,-1.0528082847595215
0.3492063581943512,0.2222222238779068,-0.8970462083816528
0.3650793731212616,0.2222222238779068,-0.7364673614501953
0.380952388048172,0.2222222238779068,-0.5737590789794922
0.3968254029750824,0.2222222238779068,-0.41161778569221497
0.4126984179019928,0.2222222238779068,-0.2525603473186493
0.4285714328289032,0.2222222238779068,-0.09879328310489655
0.4444444477558136,0.2222222238779068,0.04784727096557617
0.460317462682724,0.2222222238779068,0.18589052557945251
0.4761904776096344,0.2222222238779068,0.31417936086654663
0.4920634925365448,0.2222222238779068,0.43179744482040405
0.5079365372657776,0.2222222238779068,0.5379946827888489
0.523809552192688,0.2222222238779068,0.6321295499801636
0.5396825671195984,0.2222222238779068,0.7136327624320984
0.5555555820465088,0.2222222238779068,0.7819914221763611
0.5714285969734192,0.2222222238779068,0.8367509245872498
0.5873016119003296,0.2222222238779068,0.8775273561477661
0.60317462682724,0.2222222238779068,0.9040224552154541
0.6190476417541504,0.2222222238779068,0.9160411357879639
0.6349206566810608,0.2222222238779068,0.9135032296180725
0.6507936716079712,0.2222222238779068,0.8964541554450989
0.6666666865348816,0.2222222238779068,0.8650692701339722
0.682539701461792,0.2222222238779068,0.8196573257446289
0.6984127163887024,0.2222222238779068,0.7606589794158936
0.7142857313156128,0.2222222238779068,0.6886442303657532
0.7301587462425232,0.2222222238779068,0.6043071150779724
0.7460317611694336,0.2222222238779068,0.5084598064422607
0.761904776096344,0.2222222238779068,0.4020250737667084
0.7777777910232544,0.2222222238779068,0.2860271632671356
0.7936508059501648,0.2222222238779068,0.1615820974111557
0.8095238208770752,0.2222222238779068,0.029887504875659943
0.8253968358039856,0.2222222238779068,-0.10778935253620148
0.841269850730896,0.2222222238779068,-0.25012314319610596
0.8571428656578064,0.2222222238779068,-0.3957440257072449
0.8730158805847168,0.2222222238779068,-0.5432496666908264
0.8888888955116272,0.2222222238779068,-0.6912198662757874
0.9047619104385376,0.2222222238779068,-0.8382293581962585
0.920634925365448,0.2222222238779068,-0.9828620553016663
0.9365079402923584,0.2222222238779068,-1.123725175857544
0.9523809552192688,0.2222222238779068,-1.2594610452651978
0.9682539701461792,0.2222222238779068,-1.3887629508972168
0.9841269850730896,0.2222222238779068,-1.5103846788406372
1.0,0.2222222238779068,-1.623154878616333
0.0,0.2380952388048172,-1.7807962894439697
0.01587301678955555,0.2380952388048172,-1.8682596683502197
0.0317460335791111,0.2380952388048172,-1.943716287612915
0.0476190485060215,0.2380952388048172,-2.0065338611602783
0.0634920671582222,0.2380952388048172,-2.0562527179718018
0.0793650820851326,0.2380952388048172,-2.0926079750061035
0.095238097012043,0.2380952388048172,-2.115541458129883
0.1111111119389534,0.2380952388048172,-2.12520694732666
0.1269841343164444,0.2380952388048172,-2.12195086479187
0.1428571492433548,0.2380952388048172,-2.1062705516815186
0.1587301641702652,0.2380952388048172,-2.078740119934082
0.1746031790971756,0.2380952388048172,-2.039914608001709
0.190476194024086,0.2380952388048172,-1.9902195930480957
0.2063492089509964,0.2380952388048172,-1.9298577308654785
0.2222222238779068,0.2380952388048172,-1.8587554693222046
0.2380952388048172,0.2380952388048172,-1.7765779495239258
0.2539682686328888,0.2380952388048172,-1.6828287839889526
0.2698412835597992,0.2380952388048172,-1.577025055885315
0.2857142984867096,0.2380952388048172,-1.4589208364486694
0.30158731341362,0.2380952388048172,-1.3287297487258911
0.3174603283405304,0.2380952388048172,-1.1872936487197876
0.3333333432674408,0.2380952388048172,-1.0361536741256714
0.3492063581943512,0.2380952388048172,-0.8775005340576172
0.3650793731212616,0.2380952388048172,-0.7140154838562012
0.380952388048172,0.2380952388048172,-0.5486379861831665
0.3968254029750824,0.2380952388048172,-0.3843119144439697
0.4126984179019928,0.2380952388048172,-0.22376301884651184
0.4285714328289032,0.2380952388048172,-0.06934463977813721
0.4444444477558136,0.2380952388048172,0.07703087478876114
0.460317462682724,0.2380952388048172,0.21388347446918488
0.4761904776096344,0.2380952388048172,0.340101420879364
0.4920634925365448,0.2380952388048172,0.454850435256958
0.5079365372657776,0.2380952388048172,0.5574831366539001
0.523809552192688,0.2380952388048172,0.6474673748016357
0.5396825671195984,0.2380952388048172,0.7243391871452332
0.5555555820465088,0.2380952388048172,0.78768390417099
0.5714285969734192,0.2380952388048172,0.8371354341506958
0.5873016119003296,0.2380952388048172,0.8723887205123901
0.60317462682724,0.2380952388048172,0.8932182788848877
0.6190476417541504,0.2380952388048172,0.8994953036308289
0.6349206566810608,0.2380952388048172,0.8912025690078735
0.6507936716079712,0.2380952388048172,0.8684452176094055
0.6666666865348816,0.2380952388048172,0.8314569592475891
0.682539701461792,0.2380952388048172,0.7806020379066467
0.6984127163887024,0.2380952388048172,0.7163745164871216
0.7142857313156128,0.2380952388048172,0.6393954753875732
0.7301587462425232,0.2380952388048172,0.5504069328308105
0.7460317611694336,0.2380952388048172,0.4502658247947693
0.761904776096344,0.2380952388048172,0.33993563055992126
0.7777777910232544,0.2380952388048172,0.22047758102416992
0.7936508059501648,0.2380952388048172,0.09304028004407883
0.8095238208770752,0.2380952388048172,-0.04115061089396477
0.8253968358039856,0.2380952388048172,-0.1808045208454132
0.841269850730896,0.2380952388048172,-0.32457780838012695
0.8571428656578064,0.2380952388048172,-0.4710869789123535
0.8730158805847168,0.2380952388048172,-0.6189217567443848
0.8888888955116272,0.2380952388048172,-0.7666585445404053
0.9047619104385376,0.2380952388048172,-0.9128744006156921
0.920634925365448,0.2380952388048172,-1.0561610460281372
0.9365079402923584,0.2380952388048172,-1.195137619972229
0.9523809552192688,0.2380952388048172,-1.328465461730957
0.9682539701461792,0.2380952388048172,-1.4548596143722534
0.9841269850730896,0.2380952388048172,-1.573102355003357
1.0,0.2380952388048172,-1.682054042816162
0.0,0.2539682686328888,-1.825053334236145
0.01587301678955555,0.2539682686328888,-1.907637357711792
0.0317460335791111,0.2539682686328888,-1.9779622554779053
0.0476190485060215,0.2539682686328888,-2.035459518432617
0.0634920671582222,0.2539682686328888,-2.0797433853149414
0.0793650820851326,0.2539682686328888,-2.11063289642334
0.095238097012043,0.2539682686328888,-2.1281673908233643
0.1111111119389534,0.2539682686328888,-2.1326088905334473
0.1269841343164444,0.2539682686328888,-2.1244211196899414
0.1428571492433548,0.2539682686328888,-2.1042191982269287
0.1587301641702652,0.2539682686328888,-2.072685480117798
0.1746031790971756,0.2539682686328888,-2.030457019805908
0.190476194024086,0.2539682686328888,-1.9780000448226929
0.2063492089509964,0.2539682686328888,-1.9155027866363525
0.2222222238779068,0.2539682686328888,-1.8428117036819458
0.2380952388048172,0.2539682686328888,-1.759453535079956
0.2539682686328888,0.2539682686328888,-1.664747714996338
0.2698412835597992,0.2539682686328888,-1.5580105781555176
0.2857142984867096,0.2539682686328888,-1.4388134479522705
0.30158731341362,0.2539682686328888,-1.3072402477264404
0.3174603283405304,0.2539682686328888,-1.1640840768814087
0.3333333432674408,0.2539682686328888,-1.0109297037124634
0.3492063581943512,0.2539682686328888,-0.8500983119010925
0.3650793731212616,0.2539682686328888,-0.6844673752784729
0.380952388048172,0.2539682686328888,-0.5172041654586792
0.3968254029750824,0.2539682686328888,-0.351475328207016
0.4126984179019928,0.2539682686328888,-0.19019365310668945
0.4285714328289032,0.2539682686328888,-0.03584212064743042
0.4444444477558136,0.2539682686328888,0.10960274189710617
0.460317462682724,0.2539682686328888,0.2446591854095459
0.4761904776096344,0.2539682686328888,0.368263304233551
0.4920634925365448,0.2539682686328888,0.4796636998653412
0.5079365372657776,0.2539682686328888,0.5783141851425171
0.523809552192688,0.2539682686328888,0.6637894511222839
0.5396825671195984,0.2539682686328888,0.7357299327850342
0.5555555820465088,0.2539682686328888,0.7938177585601807
0.5714285969734192,0.2539682686328888,0.8377740979194641
0.5873016119003296,0.2539682686328888,0.867373526096344
0.60317462682724,0.2539682686328888,0.8824623227119446
0.6190476417541504,0.2539682686328888,0.8829785585403442
0.6349206566810608,0.2539682686328888,0.8689681887626648
0.6507936716079712,0.2539682686328888,0.8405963182449341
0.6666666865348816,0.2539682686328888,0.798153817653656
0.682539701461792,0.2539682686328888,0.7420596480369568
0.6984127163887024,0.2539682686328888,0.6728598475456238
0.7142857313156128,0.2539682686328888,0.591224193572998
0.7301587462425232,0.2539682686328888,0.4979397654533386
0.7460317611694336,0.2539682686328888,0.39390459656715393
0.761904776096344,0.2539682686328888,0.2801188826560974
0.7777777910232544,0.2539682686328888,0.1576761156320572
0.7936508059501648,0.2539682686328888,0.027752377092838287
0.8095238208770752,0.2539682686328888,-0.1084040030837059
0.8253968358039856,0.2539682686328888,-0.24948492646217346
0.841269850730896,0.2539682686328888,-0.39413392543792725
0.8571428656578064,0.2539682686328888,-0.5409600138664246
0.8730158805847168,0.2539682686328888,-0.6885500550270081
0.8888888955116272,0.2539682686328888,-0.8354831337928772
0.9047619104385376,0.2539682686328888,-0.9803443551063538
0.920634925365448,0.2539682686328888,-1.1217373609542847
0.9365079402923584,0.2539682686328888,-1.2583000659942627
0.9523809552192688,0.2539682686328888,-1.3887157440185547
0.9682539701461792,0.2539682686328888,-1.5117274522781372
0.9841269850730896,0.2539682686328888,-1.626149296760559
1.0,0.2539682686328888,-1.730878472328186
0.0,0.2698412835597992,-1.8584411144256592
0.01587301678955555,0.2698412835597992,-1.93587064743042
0.0317460335791111,0.2698412835597992,-2.000835418701172
0.0476190485060215,0.2698412835597992,-2.052830219268799
0.0634920671582222,0.2698412835597992,-2.091540575027466
0.0793650820851326,0.2698412835597992,-2.116865396499634
0.095238097012043,0.2698412835597992,-2.128934860229492
0.1111111119389534,0.2698412835597992,-2.12811017036438
0.1269841343164444,0.2698412835597992,-2.114960193634033
0.1428571492433548,0.2698412835597992,-2.0902068614959717
0.1587301641702652,0.2698412835597992,-2.054628610610962
0.1746031790971756,0.2698412835597992,-2.0089375972747803
0.190476194024086,0.2698412835597992,-1.9536406993865967
0.2063492089509964,0.2698412835597992,-1.8889178037643433
0.2222222238779068,0.2698412835597992,-1.8145560026168823
0.2380952388048172,0.2698412835597992,-1.729970097541809
0.2539682686328888,0.2698412835597992,-1.6343308687210083
0.2698412835597992,0.2698412835597992,-1.5267904996871948
0.2857142984867096,0.2698412835597992,-1.4067697525024414
0.30158731341362,0.2698412835597992,-1.274245262145996
0.3174603283405304,0.2698412835597992,-1.1299679279327393
0.3333333432674408,0.2698412835597992,-0.9755553007125854
0.3492063581943512,0.2698412835597992,-0.8134331107139587
0.3650793731212616,0.2698412835597992,-0.6466352343559265
0.380952388048172,0.2698412835597992,-0.47851067781448364
0.3968254029750824,0.2698412835597992,-0.31240367889404297
0.4126984179019928,0.2698412835597992,-0.15137353539466858
0.4285714328289032,0.2698412835597992,0.0019978033378720284
0.4444444477558136,0.2698412835597992,0.14568984508514404
0.460317462682724,0.2698412835597992,0.27822813391685486
0.4761904776096344,0.2698412835597992,0.39859843254089355
0.4920634925365448,0.2698412835597992,0.506127119064331
0.5079365372657776,0.2698412835597992,0.6003617644309998
0.523809552192688,0.2698412835597992,0.6809759736061096
0.5396825671195984,0.2698412835597992,0.7477068305015564
0.5555555820465088,0.2698412835597992,0.8003267645835876
0.5714285969734192,0.2698412835597992,0.8386402130126953
0.5873016119003296,0.2698412835597992,0.8624979257583618
0.60317462682724,0.2698412835597992,0.8718166947364807
0.6190476417541504,0.2698412835597992,0.8666003346443176
0.6349206566810608,0.2698412835597992,0.8469572067260742
0.6507936716079712,0.2698412835597992,0.8131115436553955
0.6666666865348816,0.2698412835597992,0.7654109597206116
0.682539701461792,0.2698412835597992,0.7043277621269226
0.6984127163887024,0.2698412835597992,0.6304581165313721
0.7142857313156128,0.2698412835597992,0.5445176959037781
0.7301587462425232,0.2698412835597992,0.44733554124832153
0.7460317611694336,0.2698412835597992,0.33984658122062683
0.761904776096344,0.2698412835597992,0.2230832725763321
0.7777777910232544,0.2698412835597992,0.0981658324599266
0.7936508059501648,0.2698412835597992,-0.03370784595608711
0.8095238208770752,0.2698412835597992,-0.17127297818660736
0.8253968358039856,0.2698412835597992,-0.31320977210998535
0.841269850730896,0.2698412835597992,-0.45815542340278625
0.8571428656578064,0.2698412835597992,-0.6047171950340271
0.8730158805847168,0.2698412835597992,-0.7514855861663818
0.8888888955116272,0.2698412835597992,-0.8970476984977722
0.9047619104385376,0.2698412835597992,-1.040001392364502
0.920634925365448,0.2698412835597992,-1.178969144821167
0.9365079402923584,0.2698412835597992,-1.312610387802124
0.9523809552192688,0.2698412835597992,-1.439636468887329
0.9682539701461792,0.2698412835597992,-1.5588219165802002
0.9841269850730896,0.2698412835597992,-1.6690170764923096
1.0,0.2698412835597992,-1.769158959388733
0.0,0.2857142984867096,-1.8806366920471191
0.01587301678955555,0.2857142984867096,-1.952684760093689
0.0317460335791111,0.2857142984867096,-2.0121092796325684
0.0476190485060215,0.2857142984867096,-2.058466672897339
0.0634920671582222,0.2857142984867096,-2.0915088653564453
0.0793650820851326,0.2857142984867096,-2.111207962036133
0.095238097012043,0.2857142984867096,-2.1177730560302734
0.1111111119389534,0.2857142984867096,-2.1116507053375244
0.1269841343164444,0.2857142984867096,-2.0934979915618896
0.1428571492433548,0.2857142984867096,-2.0641250610351562
0.1587301641702652,0.2857142984867096,-2.024390935897827
0.1746031790971756,0.2857142984867096,-1.975072979927063
0.190476194024086,0.2857142984867096,-1.9167166948318481
0.2063492089509964,0.2857142984867096,-1.8495086431503296
0.2222222238779068,0.2857142984867096,-1.7732031345367432
0.2380952388048172,0.2857142984867096,-1.6871470212936401
0.2539682686328888,0.2857142984867096,-1.5904150009155273
0.2698412835597992,0.2857142984867096,-1.482050895690918
0.2857142984867096,0.2857142984867096,-1.3613756895065308
0.30158731341362,0.2857142984867096,-1.2282930612564087
0.3174603283405304,0.2857142984867096,-1.0835239887237549
0.3333333432674408,0.2857142984867096,-0.9287066459655762
0.3492063581943512,0.2857142984867096,-0.766333281993866
0.3650793731212616,0.2857142984867096,-0.5995388627052307
0.380952388048172,0.2857142984867096,-0.4317895770072937
0.3968254029750824,0.2857142984867096,-0.26654183864593506
0.4126984179019928,0.2857142984867096,-0.10694500058889389
0.4285714328289032,0.2857142984867096,0.0443633571267128
0.4444444477558136,0.2857142984867096,0.18534524738788605
0.460317462682724,0.2857142984867096,0.3145454525947571
0.4761904776096344,0.2857142984867096,0.4309982657432556
0.4920634925365448,0.2857142984867096,0.5340992212295532
0.5079365372657776,0.2857142984867096,0.6234762668609619
0.523809552192688,0.2857142984867096,0.698887825012207
0.5396825671195984,0.2857142984867096,0.7601544857025146
0.5555555820465088,0.2857142984867096,0.8071285486221313
0.5714285969734192,0.2857142984867096,0.8396897315979004
0.5873016119003296,0.2857142984867096,0.8577597141265869
0.60317462682724,0.2857142984867096,0.8613219857215881
0.6190476417541504,0.2857142984867096,0.8504446148872375
0.6349206566810608,0.2857142984867096,0.8252967000007629
0.6507936716079712,0.2857142984867096,0.786161482334137
0.6666666865348816,0.2857142984867096,0.7334414720535278
0.682539701461792,0.2857142984867096,0.6676615476608276
0.6984127163887024,0.2857142984867096,0.5894657969474792
0.7142857313156128,0.2857142984867096,0.4996131956577301
0.7301587462425232,0.2857142984867096,0.39897096157073975
0.7460317611694336,0.2857142984867096,0.288506418466568
0.761904776096344,0.2857142984867096,0.16927875578403473
0.7777777910232544,0.2857142984867096,0.04242908954620361
0.7936508059501648,0.2857142984867096,-0.0908295139670372
0.8095238208770752,0.2857142984867096,-0.2292223870754242
0.8253968358039856,0.2857142984867096,-0.37142521142959595
0.841269850730896,0.2857142984867096,-0.5160752534866333
0.8571428656578064,0.2857142984867096,-0.6617848873138428
0.8730158805847168,0.2857142984867096,-0.8071538209915161
0.8888888955116272,0.2857142984867096,-0.9507834911346436
0.9047619104385376,0.2857142984867096,-1.09128999710083
0.920634925365448,0.2857142984867096,-1.2273181676864624
0.9365079402923584,0.2857142984867096,-1.3575555086135864
0.9523809552192688,0.2857142984867096,-1.4807438850402832
0.9682539701461792,0.2857142984867096,-1.5956941843032837
0.9841269850730896,0.2857142984867096,-1.7012958526611328
1.0,0.2857142984867096,-1.7965291738510132
0.0,0.30158731341362,-1.8914248943328857
0.01587301678955555,0.30158731341362,-1.957915186882019
0.0317460335791111,0.30158731341362,-2.0116705894470215
0.0476190485060215,0.30158731341362,-2.0523056983947754
0.0634920671582222,0.30158731341362,-2.0796327590942383
0.0793650820851326,0.30158731341362,-2.0936872959136963
0.095238097012043,0.30158731341362,-2.094743013381958
0.1111111119389534,0.30158731341362,-2.083312749862671
0.1269841343164444,0.30158731341362,-2.0601227283477783
0.1428571492433548,0.30158731341362,-2.0260467529296875
0.1587301641702652,0.30158731341362,-1.9820064306259155
0.1746031790971756,0.30158731341362,-1.9288299083709717
0.190476194024086,0.30158731341362,-1.8671026229858398
0.2063492089509964,0.30158731341362,-1.7970329523086548
0.2222222238779068,0.30158731341362,-1.7183791399002075
0.2380952388048172,0.30158731341362,-1.6304728984832764
0.2539682686328888,0.30158731341362,-1.5323586463928223
0.2698412835597992,0.30158731341362,-1.4230432510375977
0.2857142984867096,0.30158731341362,-1.3018097877502441
0.30158731341362,0.30158731341362,-1.1685336828231812
0.3174603283405304,0.30158731341362,-1.0239225625991821
0.3333333432674408,0.30158731341362,-0.8696193695068359
0.3492063581943512,0.30158731341362,-0.7081389427185059
0.3650793731212616,0.30158731341362,-0.5426505208015442
0.380952388048172,0.30158731341362,-0.37665823101997375
0.3968254029750824,0.30158731341362,-0.213652104139328
0.4126984179019928,0.30158731341362,-0.05680251866579056
0.4285714328289032,0.30158731341362,0.09124837815761566
0.4444444477558136,0.30158731341362,0.22847720980644226
0.460317462682724,0.30158731341362,0.3534606993198395
0.4761904776096344,0.30158731341362,0.46527940034866333
0.4920634925365448,0.30158731341362,0.563385546207428
0.5079365372657776,0.30158731341362,0.6474703550338745
0.523809552192688,0.30158731341362,0.7173574566841125
0.5396825671195984,0.30158731341362,0.7729343175888062
0.5555555820465088,0.30158731341362,0.8141189813613892
0.5714285969734192,0.30158731341362,0.8408563733100891
0.5873016119003296,0.30158731341362,0.8531312942504883
0.60317462682724,0.30158731341362,0.8509899377822876
0.6190476417541504,0.30158731341362,0.8345616459846497
0.6349206566810608,0.30158731341362,0.8040752410888672
0.6507936716079712,0.30158731341362,0.7598716020584106
0.6666666865348816,0.30158731341362,0.7024080753326416
0.682539701461792,0.30158731341362,0.6322606205940247
0.6984127163887024,0.30158731341362,0.550119161605835
0.7142857313156128,0.30158731341362,0.4567834734916687
0.7301587462425232,0.30158731341362,0.353154718875885
0.7460317611694336,0.30158731341362,0.24022775888442993
0.761904776096344,0.30158731341362,0.11908240616321564
0.7777777910232544,0.30158731341362,-0.009126290678977966
0.7936508059501648,0.30158731341362,-0.14317739009857178
0.8095238208770752,0.30158731341362,-0.2817942798137665
0.8253968358039856,0.30158731341362,-0.4236554205417633
0.841269850730896,0.30158731341362,-0.5674059987068176
0.8571428656578064,0.30158731341362,-0.7116701602935791
0.8730158805847168,0.30158731341362,-0.855063796043396
0.8888888955116272,0.30158731341362,-0.9962076544761658
0.9047619104385376,0.30158731341362,-1.1337416172027588
0.920634925365448,0.30158731341362,-1.2663382291793823
0.9365079402923584,0.30158731341362,-1.3927156925201416
0.9523809552192688,0.30158731341362,-1.511651635169983
0.9682539701461792,0.30158731341362,-1.6219953298568726
0.9841269850730896,0.30158731341362,-1.722678780555725
1.0,0.30158731341362,-1.8127281665802002
0.0,0.3174603283405304,-1.890701413154602
0.01587301678955555,0.3174603283405304,-1.9515105485916138
0.0317460335791111,0.3174603283405304,-1.9995218515396118
0.0476190485060215,0.3174603283405304,-2.034403085708618
0.0634920671582222,0.3174603283405304,-2.0560200214385986
0.0793650820851326,0.3174603283405304,-2.064459800720215
0.095238097012043,0.3174603283405304,-2.0600454807281494
0.1111111119389534,0.3174603283405304,-2.043336868286133
0.1269841343164444,0.3174603283405304,-2.0151028633117676
0.1428571492433548,0.3174603283405304,-1.9762603044509888
0.1587301641702652,0.3174603283405304,-1.9277682304382324
0.1746031790971756,0.3174603283405304,-1.8704944849014282
0.190476194024086,0.3174603283405304,-1.8050620555877686
0.2063492089509964,0.3174603283405304,-1.731719970703125
0.2222222238779068,0.3174603283405304,-1.6502680778503418
0.2380952388048172,0.3174603283405304,-1.5600813627243042
0.2539682686328888,0.3174603283405304,-1.4602471590042114
0.2698412835597992,0.3174603283405304,-1.3498104810714722
0.2857142984867096,0.3174603283405304,-1.2280853986740112
0.30158731341362,0.3174603283405304,-1.094967007637024
0.3174603283405304,0.3174603283405304,-0.9511677622795105
0.3333333432674408,0.3174603283405304,-0.7983205914497375
0.3492063581943512,0.3174603283405304,-0.6389145255088806
0.3650793731212616,0.3174603283405304,-0.4760809540748596
0.380952388048172,0.3174603283405304,-0.31327730417251587
0.3968254029750824,0.3174603283405304,-0.15394198894500732
0.4126984179019928,0.3174603283405304,-0.001193328178487718
0.4285714328289032,0.3174603283405304,0.14237754046916962
0.4444444477558136,0.3174603283405304,0.2747951149940491
0.460317462682724,0.3174603283405304,0.39468106627464294
0.4761904776096344,0.3174603283405304,0.5011590719223022
0.4920634925365448,0.3174603283405304,0.5937236547470093
0.5079365372657776,0.3174603283405304,0.6721084713935852
0.523809552192688,0.3174603283405304,0.7361822724342346
0.5396825671195984,0.3174603283405304,0.7858794331550598
0.5555555820465088,0.3174603283405304,0.8211683630943298
0.5714285969734192,0.3174603283405304,0.8420465588569641
0.5873016119003296,0.3174603283405304,0.8485546708106995
0.60317462682724,0.3174603283405304,0.8407964706420898
0.6190476417541504,0.3174603283405304,0.8189597725868225
0.6349206566810608,0.3174603283405304,0.7833322882652283
0.6507936716079712,0.3174603283405304,0.7343119382858276
0.6666666865348816,0.3174603283405304,0.6724110841751099
0.682539701461792,0.3174603283405304,0.5982555150985718
0.6984127163887024,0.3174603283405304,0.5125800967216492
0.7142857313156128,0.3174603283405304,0.41622233390808105
0.7301587462425232,0.3174603283405304,0.31011319160461426
0.7460317611694336,0.3174603283405304,0.19526948034763336
0.761904776096344,0.3174603283405304,0.07278462499380112
0.7777777910232544,0.3174603283405304,-0.056180067360401154
0.7936508059501648,0.3174603283405304,-0.19040459394454956
0.8095238208770752,0.3174603283405304,-0.32861894369125366
0.8253968358039856,0.3174603283405304,-0.4695136249065399
0.841269850730896,0.3174603283405304,-0.6117495894432068
0.8571428656578064,0.3174603283405304,-0.7539706826210022
0.8730158805847168,0.3174603283405304,-0.8948152661323547
0.8888888955116272,0.3174603283405304,-1.0329298973083496
0.9047619104385376,0.3174603283405304,-1.1669833660125732
0.920634925365448,0.3174603283405304,-1.2956792116165161
0.9365079402923584,0.3174603283405304,-1.4177712202072144
0.9523809552192688,0.3174603283405304,-1.5320751667022705
0.9682539701461792,0.3174603283405304,-1.6374812126159668
0.9841269850730896,0.3174603283405304,-1.732966423034668
1.0,0.3174603283405304,-1.8176037073135376
0.0,0.3333333432674408,-1.8784735202789307
0.01587301678955555,0.3333333432674408,-1.9335331916809082
0.0317460335791111,0.3333333432674408,-1.9757804870605469
0.0476190485060215,0.3333333432674408,-2.0049326419830322
0.0634920671582222,0.3333333432674408,-2.0209009647369385
0.0793650820851326,0.3333333432674408,-2.0238122940063477
0.095238097012043,0.3333333432674408,-2.014023542404175
0.1111111119389534,0.3333333432674408,-1.9921212196350098
0.1269841343164444,0.3333333432674408,-1.9588954448699951
0.1428571492433548,0.3333333432674408,-1.9152789115905762
0.1587301641702652,0.3333333432674408,-1.8622490167617798
0.1746031790971756,0.3333333432674408,-1.8006974458694458
0.190476194024086,0.3333333432674408,-1.7312854528427124
0.2063492089509964,0.3333333432674408,-1.6543184518814087
0.2222222238779068,0.3333333432674408,-1.569675326347351
0.2380952388048172,0.3333333432674408,-1.4768296480178833
0.2539682686328888,0.3333333432674408,-1.3749806880950928
0.2698412835597992,0.3333333432674408,-1.263285756111145
0.2857142984867096,0.3333333432674408,-1.1411558389663696
0.30158731341362,0.3333333432674408,-1.0085513591766357
0.3174603283405304,0.3333333432674408,-0.8662080764770508
0.3333333432674408,0.3333333432674408,-0.7157326340675354
0.3492063581943512,0.3333333432674408,-0.5595428347587585
0.3650793731212616,0.3333333432674408,-0.40066230297088623
0.380952388048172,0.3333333432674408,-0.24241980910301208
0.3968254029750824,0.3333333432674408,-0.08812098205089569
0.4126984179019928,0.3333333432674408,0.0592394694685936
0.4285714328289032,0.3333333432674408,0.1971738636493683
0.4444444477558136,0.3333333432674408,0.3237863779067993
0.460317462682724,0.3333333432674408,0.437755823135376
0.4761904776096344,0.3333333432674408,0.5382447242736816
0.4920634925365448,0.3333333432674408,0.6247750520706177
0.5079365372657776,0.3333333432674408,0.6971034407615662
0.523809552192688,0.3333333432674408,0.755121648311615
0.5396825671195984,0.3333333432674408,0.7987920641899109
0.5555555820465088,0.3333333432674408,0.8281170725822449
0.5714285969734192,0.3333333432674408,0.8431357145309448
0.5873016119003296,0.3333333432674408,0.8439362645149231
0.60317462682724,0.3333333432674408,0.8306755423545837
0.6190476417541504,0.3333333432674408,0.8035980463027954
0.6349206566810608,0.3333333432674408,0.7630499005317688
0.6507936716079712,0.3333333432674408,0.7094871401786804
0.6666666865348816,0.3333333432674408,0.6434773206710815
0.682539701461792,0.3333333432674408,0.5656968951225281
0.6984127163887024,0.3333333432674408,0.47692444920539856
0.7142857313156128,0.3333333432674408,0.37803247570991516
0.7301587462425232,0.3333333432674408,0.2699778079986572
0.7460317611694336,0.3333333432674408,0.15379288792610168
0.761904776096344,0.3333333432674408,0.03057709150016308
0.7777777910232544,0.3333333432674408,-0.09851142764091492
0.7936508059501648,0.3333333432674408,-0.23226337134838104
0.8095238208770752,0.3333333432674408,-0.36942580342292786
0.8253968358039856,0.3333333432674408,-0.5087110996246338
0.841269850730896,0.3333333432674408,-0.6488057374954224
0.8571428656578064,0.3333333432674408,-0.7883813977241516
0.8730158805847168,0.3333333432674408,-0.9261062741279602
0.8888888955116272,0.3333333432674408,-1.0606591701507568
0.9047619104385376,0.3333333432674408,-1.1907414197921753
0.920634925365448,0.3333333432674408,-1.3150932788848877
0.9365079402923584,0.3333333432674408,-1.4325056076049805
0.9523809552192688,0.3333333432674408,-1.541834831237793
0.9682539701461792,0.3333333432674408,-1.6420143842697144
0.9841269850730896,0.3333333432674408,-1.7320669889450073
1.0,0.3333333432674408,-1.8111143112182617
0.0,0.3492063581943512,-1.8548598289489746
0.01587301678955555,0.3492063581943512,-1.9041576385498047
0.0317460335791111,0.3492063581943512,-1.9406788349151611
0.0476190485060215,0.3492063581943512,-1.9641852378845215
0.0634920671582222,0.3492063581943512,-1.974626064300537
0.0793650820851326,0.3492063581943512,-1.9721580743789673
0.095238097012043,0.3492063581943512,-1.9571574926376343
0.1111111119389534,0.3492063581943512,-1.930220127105713
0.1269841343164444,0.3492063581943512,-1.8921351432800293
0.1428571492433548,0.3492063581943512,-1.8438313007354736
0.1587301641702652,0.3492063581943512,-1.7862838506698608
0.1746031790971756,0.3492063581943512,-1.7203963994979858
0.190476194024086,0.3492063581943512,-1.646865963935852
0.2063492089509964,0.3492063581943512,-1.5660680532455444
0.2222222238779068,0.3492063581943512,-1.477990984916687
0.2380952388048172,0.3492063581943512,-1.3822540044784546
0.2539682686328888,0.3492063581943512,-1.2782269716262817
0.2698412835597992,0.3492063581943512,-1.165241003036499
0.2857142984867096,0.3492063581943512,-1.0428593158721924
0.30158731341362,0.3492063581943512,-0.9111475944519043
0.3174603283405304,0.3492063581943512,-0.7708781957626343
0.3333333432674408,0.3492063581943512,-0.6236187219619751
0.3492063581943512,0.3492063581943512,-0.47167494893074036
0.3650793731212616,0.3492063581943512,-0.3179031014442444
0.380952388048172,0.3492063581943512,-0.16543321311473846
0.3968254029750824,0.3492063581943512,-0.017367469146847725
0.4126984179019928,0.3492063581943512,0.12348314374685287
0.4285714328289032,0.3492063581943512,0.25477954745292664
0.4444444477558136,0.3492063581943512,0.37473276257514954
0.460317462682724,0.3492063581943512,0.4820881485939026
0.4761904776096344,0.3492063581943512,0.5760430097579956
0.4920634925365448,0.3492063581943512,0.6561334133148193
0.5079365372657776,0.3492063581943512,0.7221202254295349
0.523809552192688,0.3492063581943512,0.7738997340202332
0.5396825671195984,0.3492063581943512,0.8114444613456726
0.5555555820465088,0.3492063581943512,0.8347771167755127
0.5714285969734192,0.3492063581943512,0.8439674973487854
0.5873016119003296,0.3492063581943512,0.8391451835632324
0.60317462682724,0.3492063581943512,0.8205167651176453
0.6190476417541504,0.3492063581943512,0.7883827686309814
0.6349206566810608,0.3492063581943512,0.7431489825248718
0.6507936716079712,0.3492063581943512,0.685331404209137
0.6666666865348816,0.3492063581943512,0.6155553460121155
0.682539701461792,0.3492063581943512,0.5345490574836731
0.6984127163887024,0.3492063581943512,0.4431348443031311
0.7142857313156128,0.3492063581943512,0.3422184884548187
0.7301587462425232,0.3492063581943512,0.23277805745601654
0.7460317611694336,0.3492063581943512,0.11585500091314316
0.761904776096344,0.3492063581943512,-0.007454412057995796
0.7777777910232544,0.3492063581943512,-0.13600562512874603
0.7936508059501648,0.3492063581943512,-0.26861175894737244
0.8095238208770752,0.3492063581943512,-0.4040490984916687
0.8253968358039856,0.3492063581943512,-0.5410634279251099
0.841269850730896,0.3492063581943512,-0.6783774495124817
0.8571428656578064,0.3492063581943512,-0.8147001266479492
0.8730158805847168,0.3492063581943512,-0.948737621307373
0.8888888955116272,0.3492063581943512,-1.0792063474655151
0.9047619104385376,0.3492063581943512,-1.2048465013504028
0.920634925365448,0.3492063581943512,-1.3244364261627197
0.9365079402923584,0.3492063581943512,-1.436807632446289
0.9523809552192688,0.3492063581943512,-1.5408581495285034
0.9682539701461792,0.3492063581943512,-1.6355657577514648
0.9841269850730896,0.3492063581943512,-1.7199991941452026
1.0,0.3492063581943512,-1.7933281660079956
0.0,0.3650793731212616,-1.8200891017913818
0.01587301678955555,0.3650793731212616,-1.8636701107025146
0.0317460335791111,0.3650793731212616,-1.8945610523223877
0.0476190485060215,0.3650793731212616,-1.9125639200210571
0.0634920671582222,0.3650793731212616,-1.9176609516143799
0.0793650820851326,0.3650793731212616,-1.9100291728973389
0.095238097012043,0.3650793731212616,-1.8900535106658936
0.1111111119389534,0.3650793731212616,-1.8583238124847412
0.1269841343164444,0.3650793731212616,-1.815613031387329
0.1428571492433548,0.3650793731212616,-1.762827754020691
0.1587301641702652,0.3650793731212616,-1.700926423072815
0.1746031790971756,0.3650793731212616,-1.6308128833770752
0.190476194024086,0.3650793731212616,-1.5532175302505493
0.2063492089509964,0.3650793731212616,-1.4685947895050049
0.2222222238779068,0.3650793731212616,-1.3770623207092285
0.2380952388048172,0.3650793731212616,-1.2784191370010376
0.2539682686328888,0.3650793731212616,-1.1722458600997925
0.2698412835597992,0.3650793731212616,-1.0580925941467285
0.2857142984867096,0.3650793731212616,-0.9357139468193054
0.30158731341362,0.3650793731212616,-0.8053073287010193
0.3174603283405304,0.3650793731212616,-0.6676917672157288
0.3333333432674408,0.3650793731212616,-0.5243842601776123
0.3492063581943512,0.3650793731212616,-0.37754833698272705
0.3650793731212616,0.3650793731212616,-0.2298278659582138
0.380952388048172,0.3650793731212616,-0.08410157263278961
0.3968254029750824,0.3650793731212616,0.05678333342075348
0.4126984179019928,0.3650793731212616,0.19024460017681122
0.4285714328289032,0.3650793731212616,0.31412482261657715
0.4444444477558136,0.3650793731212616,0.42676106095314026
0.460317462682724,0.3650793731212616,0.526971697807312
0.4761904776096344,0.3650793731212616,0.6139850616455078
0.4920634925365448,0.3650793731212616,0.6873400211334229
0.5079365372657776,0.3650793731212616,0.7467875480651855
0.523809552192688,0.3650793731212616,0.792212724685669
0.5396825671195984,0.3650793731212616,0.8235846161842346
0.5555555820465088,0.3650793731212616,0.8409347534179688
0.5714285969734192,0.3650793731212616,0.8443562388420105
0.5873016119003296,0.3650793731212616,0.8340152502059937
0.60317462682724,0.3650793731212616,0.8101668953895569
0.6190476417541504,0.3650793731212616,0.7731690406799316
0.6349206566810608,0.3650793731212616,0.7234899997711182
0.6507936716079712,0.3650793731212616,0.6617100238800049
0.6666666865348816,0.3650793731212616,0.5885158181190491
0.682539701461792,0.3650793731212616,0.5046907663345337
0.6984127163887024,0.3650793731212616,0.4111021161079407
0.7142857313156128,0.3650793731212616,0.3086874186992645
0.7301587462425232,0.3650793731212616,0.1984417736530304
0.7460317611694336,0.3650793731212616,0.08140812814235687
0.761904776096344,0.3650793731212616,-0.04133022949099541
0.7777777910232544,0.3650793731212616,-0.16865475475788116
0.7936508059501648,0.3650793731212616,-0.299414724111557
0.8095238208770752,0.3650793731212616,-0.43242931365966797
0.8253968358039856,0.3650793731212616,-0.5664917230606079
0.841269850730896,0.3650793731212616,-0.7003726363182068
0.8571428656578064,0.3650793731212616,-0.832829475402832
0.8730158805847168,0.3650793731212616,-0.9626144766807556
0.8888888955116272,0.3650793731212616,-1.0884883403778076
0.9047619104385376,0.3650793731212616,-1.2092337608337402
0.920634925365448,0.3650793731212616,-1.3236712217330933
0.9365079402923584,0.3650793731212616,-1.4306734800338745
0.9523809552192688,0.3650793731212616,-1.5291810035705566
0.9682539701461792,0.3650793731212616,-1.618215560913086
0.9841269850730896,0.3650793731212616,-1.6968908309936523
1.0,0.3650793731212616,-1.7644248008728027
0.0,0.380952388048172,-1.7744978666305542
0.01587301678955555,0.380952388048172,-1.8124639987945557
0.0317460335791111,0.380952388048172,-1.8378775119781494
0.0476190485060215,0.380952388048172,-1.8505789041519165
0.0634920671582222,0.380952388048172,-1.8505771160125732
0.0793650820851326,0.380952388048172,-1.8380649089813232
0.095238097012043,0.380952388048172,-1.8134262561798096
0.1111111119389534,0.380952388048172,-1.7772364616394043
0.1269841343164444,0.380952388048172,-1.7302402257919312
0.1428571492433548,0.380952388048172,-1.6733109951019287
0.1587301641702652,0.380952388048172,-1.607378602027893
0.1746031790971756,0.380952388048172,-1.533339262008667
0.190476194024086,0.380952388048172,-1.4519529342651367
0.2063492089509964,0.380952388048172,-1.3637546300888062
0.2222222238779068,0.380952388048172,-1.2690025568008423
0.2380952388048172,0.380952388048172,-1.1676896810531616
0.2539682686328888,0.380952388048172,-1.0596301555633545
0.2698412835597992,0.380952388048172,-0.944614827632904
0.2857142984867096,0.380952388048172,-0.8226103782653809
0.30158731341362,0.380952388048172,-0.6939592957496643
0.3174603283405304,0.380952388048172,-0.5595303177833557
0.3333333432674408,0.380952388048172,-0.4207816421985626
0.3492063581943512,0.380952388048172,-0.27971574664115906
0.3650793731212616,0.380952388048172,-0.1387370526790619
0.380952388048172,0.380952388048172,-0.00044216617243364453
0.3968254029750824,0.380952388048172,0.13260717689990997
0.4126984179019928,0.380952388048172,0.25808319449424744
0.4285714328289032,0.380952388048172,0.37402886152267456
0.4444444477558136,0.380952388048172,0.47891777753829956
0.460317462682724,0.380952388048172,0.5716445446014404
0.4761904776096344,0.380952388048172,0.6514643430709839
0.4920634925365448,0.380952388048172,0.7179115414619446
0.5079365372657776,0.380952388048172,0.7707163095474243
0.523809552192688,0.380952388048172,0.809742271900177
0.5396825671195984,0.380952388048172,0.8349456191062927
0.5555555820465088,0.380952388048172,0.8463593125343323
0.5714285969734192,0.380952388048172,0.8440947532653809
0.5873016119003296,0.380952388048172,0.8283529877662659
0.60317462682724,0.380952388048172,0.7994387149810791
0.6190476417541504,0.380952388048172,0.7577701807022095
0.6349206566810608,0.380952388048172,0.7038838863372803
0.6507936716079712,0.380952388048172,0.6384302377700806
0.6666666865348816,0.380952388048172,0.5621639490127563
0.682539701461792,0.380952388048172,0.47592830657958984
0.6984127163887024,0.380952388048172,0.38063788414001465
0.7142857313156128,0.380952388048172,0.2772617042064667
0.7301587462425232,0.380952388048172,0.1668076068162918
0.7460317611694336,0.380952388048172,0.05031217634677887
0.761904776096344,0.380952388048172,-0.07116597145795822
0.7777777910232544,0.380952388048172,-0.19654817879199982
0.7936508059501648,0.380952388048172,-0.32473546266555786
0.8095238208770752,0.380952388048172,-0.4546065032482147
0.8253968358039856,0.380952388048172,-0.5850167274475098
0.841269850730896,0.380952388048172,-0.7148000597953796
0.8571428656578064,0.380952388048172,-0.8427729606628418
0.8730158805847168,0.380952388048172,-0.9677435755729675
0.8888888955116272,0.380952388048172,-1.0885236263275146
0.9047619104385376,0.380952388048172,-1.2039425373077393
0.920634925365448,0.380952388048172,-1.3128644227981567
0.9365079402923584,0.380952388048172,-1.4142048358917236
0.9523809552192688,0.380952388048172,-1.5069456100463867
0.9682539701461792,0.380952388048172,-1.5901507139205933
0.9841269850730896,0.380952388048172,-1.6629782915115356
1.0,0.380952388048172,-1.7246909141540527
0.0,0.3968254029750824,-1.7185271978378296
0.01587301678955555,0.3968254029750824,-1.7510355710983276
0.0317460335791111,0.3968254029750824,-1.771181344985962
0.0476190485060215,0.3968254029750824,-1.7788394689559937
0.0634920671582222,0.3968254029750824,-1.7740442752838135
0.0793650820851326,0.3968254029750824,-1.7569985389709473
0.095238097012043,0.3968254029750824,-1.728082299232483
0.1111111119389534,0.3968254029750824,-1.6878496408462524
0.1269841343164444,0.3968254029750824,-1.637012243270874
0.1428571492433548,0.3968254029750824,-1.5764031410217285
0.1587301641702652,0.3968254029750824,-1.5069178342819214
0.1746031790971756,0.3968254029750824,-1.4294390678405762
0.190476194024086,0.3968254029750824,-1.3447511196136475
0.2063492089509964,0.3968254029750824,-1.2534664869308472
0.2222222238779068,0.3968254029750824,-1.155981183052063
0.2380952388048172,0.3968254029750824,-1.0524832010269165
0.2539682686328888,0.3968254029750824,-0.943020224571228
0.2698412835597992,0.3968254029750824,-0.8276253342628479
0.2857142984867096,0.3968254029750824,-0.7064782977104187
0.30158731341362,0.3968254029750824,-0.5800661444664001
0.3174603283405304,0.3968254029750824,-0.44930440187454224
0.3333333432674408,0.3968254029750824,-0.3155874013900757
0.3492063581943512,0.3968254029750824,-0.18074914813041687
0.3650793731212616,0.3968254029750824,-0.04694559797644615
0.380952388048172,0.3968254029750824,0.08351792395114899
0.3968254029750824,0.3968254029750824,0.20837369561195374
0.4126984179019928,0.3968254029750824,0.3255554139614105
0.4285714328289032,0.3968254029750824,0.4333108067512512
0.4444444477558136,0.3968254029750824,0.5302518606185913
0.460317462682724,0.3968254029750824,0.6153479218482971
0.4761904776096344,0.3968254029750824,0.6878784894943237
0.4920634925365448,0.3968254029750824,0.7473676800727844
0.5079365372657776,0.3968254029750824,0.7935200333595276
0.523809552192688,0.3968254029750824,0.8261713981628418
0.5396825671195984,0.3968254029750824,0.8452597856521606
0.5555555820465088,0.3968254029750824,0.8508161306381226
0.5714285969734192,0.3968254029750824,0.8429681658744812
0.5873016119003296,0.3968254029750824,0.8219530582427979
0.60317462682724,0.3968254029750824,0.7881275415420532
0.6190476417541504,0.3968254029750824,0.7419770359992981
0.6349206566810608,0.3968254029750824,0.6841132640838623
0.6507936716079712,0.3968254029750824,0.6152657866477966
0.6666666865348816,0.3968254029750824,0.5362651944160461
0.682539701461792,0.3968254029750824,0.4480220079421997
0.6984127163887024,0.3968254029750824,0.35150232911109924
0.7142857313156128,0.3968254029750824,0.2477068305015564
0.7301587462425232,0.3968254029750824,0.13765215873718262
0.7460317611694336,0.3968254029750824,0.02235986292362213
0.761904776096344,0.3968254029750824,-0.09714862704277039
0.7777777910232544,0.3968254029750824,-0.21985052525997162
0.7936508059501648,0.3968254029750824,-0.3447165787220001
0.8095238208770752,0.3968254029750824,-0.47070300579071045
0.8253968358039856,0.3968254029750824,-0.5967459082603455
0.841269850730896,0.3968254029750824,-0.7217571139335632
0.8571428656578064,0.3968254029750824,-0.8446261286735535
0.8730158805847168,0.3968254029750824,-0.9642267227172852
0.8888888955116272,0.3968254029750824,-1.07942795753479
0.9047619104385376,0.3968254029750824,-1.1891108751296997
0.920634925365448,0.3968254029750824,-1.292184591293335
0.9365079402923584,0.3968254029750824,-1.3876060247421265
0.9523809552192688,0.3968254029750824,-1.474397897720337
0.9682539701461792,0.3968254029750824,-1.5516637563705444
0.9841269850730896,0.3968254029750824,-1.6186023950576782
1.0,0.3968254029750824,-1.6745189428329468
0.0,0.4126984179019928,-1.6527169942855835
0.01587301678955555,0.4126984179019928,-1.6799795627593994
0.0317460335791111,0.4126984179019928,-1.695120096206665
0.0476190485060215,0.4126984179019928,-1.6980476379394531
0.0634920671582222,0.4126984179019928,-1.6888184547424316
0.0793650820851326,0.4126984179019928,-1.66764497756958
0.095238097012043,0.4126984179019928,-1.6349008083343506
0.1111111119389534,0.4126984179019928,-1.5911178588867188
0.1269841343164444,0.4126984179019928,-1.5369728803634644
0.1428571492433548,0.4126984179019928,-1.473257303237915
0.1587301641702652,0.4126984179019928,-1.4008300304412842
0.1746031790971756,0.4126984179019928,-1.3205562829971313
0.190476194024086,0.4126984179019928,-1.2332395315170288
0.2063492089509964,0.4126984179019928,-1.1395606994628906
0.2222222238779068,0.4126984179019928,-1.0400421619415283
0.2380952388048172,0.4126984179019928,-0.9350519776344299
0.2539682686328888,0.4126984179019928,-0.8248549103736877
0.2698412835597992,0.4126984179019928,-0.709709644317627
0.2857142984867096,0.4126984179019928,-0.5899927616119385
0.30158731341362,0.4126984179019928,-0.4663233757019043
0.3174603283405304,0.4126984179019928,-0.3396562933921814
0.3333333432674408,0.4126984179019928,-0.21131911873817444
0.3492063581943512,0.4126984179019928,-0.08298014849424362
0.3650793731212616,0.4126984179019928,0.043446172028779984
0.380952388048172,0.4126984179019928,0.16593638062477112
0.3968254029750824,0.4126984179019928,0.2825065553188324
0.4126984179019928,0.4126984179019928,0.3913419544696808
0.4285714328289032,0.4126984179019928,0.49088728427886963
0.4444444477558136,0.4126984179019928,0.5798864960670471
0.460317462682724,0.4126984179019928,0.657379686832428
0.4761904776096344,0.4126984179019928,0.7226670384407043
0.4920634925365448,0.4126984179019928,0.7752606272697449
0.5079365372657776,0.4126984179019928,0.8148368000984192
0.523809552192688,0.4126984179019928,0.8412021398544312
0.5396825671195984,0.4126984179019928,0.8542750477790833
0.5555555820465088,0.4126984179019928,0.8540834784507751
0.5714285969734192,0.4126984179019928,0.8407730460166931
0.5873016119003296,0.4126984179019928,0.8146193027496338
0.60317462682724,0.4126984179019928,0.7760376930236816
0.6190476417541504,0.4126984179019928,0.7255874872207642
0.6349206566810608,0.4126984179019928,0.6639659404754639
0.6507936716079712,0.4126984179019928,0.5919926166534424
0.6666666865348816,0.4126984179019928,0.5105847716331482
0.682539701461792,0.4126984179019928,0.420728474855423
0.6984127163887024,0.4126984179019928,0.3234473764896393
0.7142857313156128,0.4126984179019928,0.21977499127388
0.7301587462425232,0.4126984179019928,0.1107327938079834
0.7460317611694336,0.4126984179019928,-0.0026816888712346554
0.761904776096344,0.4126984179019928,-0.11949804425239563
0.7777777910232544,0.4126984179019928,-0.23876696825027466
0.7936508059501648,0.4126984179019928,-0.3595484793186188
0.8095238208770752,0.4126984179019928,-0.4808972477912903
0.8253968358039856,0.4126984179019928,-0.6018489599227905
0.841269850730896,0.4126984179019928,-0.7214112281799316
0.8571428656578064,0.4126984179019928,-0.8385607600212097
0.8730158805847168,0.4126984179019928,-0.9522472023963928
0.8888888955116272,0.4126984179019928,-1.0614045858383179
0.9047619104385376,0.4126984179019928,-1.1649683713912964
0.920634925365448,0.4126984179019928,-1.26189386844635
0.9365079402923584,0.4126984179019928,-1.3511790037155151
0.9523809552192688,0.4126984179019928,-1.4318833351135254
0.9682539701461792,0.4126984179019928,-1.5031468868255615
0.9841269850730896,0.4126984179019928,-1.564205288887024
1.0,0.4126984179019928,-1.6144015789031982
0.0,0.4285714328289032,-1.5777026414871216
0.01587301678955555,0.4285714328289032,-1.5999821424484253
0.0317460335791111,0.4285714328289032,-1.6104307174682617
0.0476190485060215,0.4285714328289032,-1.608988881111145
0.0634920671582222,0.4285714328289032,-1.5957345962524414
0.0793650820851326,0.4285714328289032,-1.5708892345428467
0.095238097012043,0.4285714328289032,-1.5348200798034668
0.1111111119389534,0.4285714328289032,-1.4880388975143433
0.1269841343164444,0.4285714328289032,-1.4311890602111816
0.1428571492433548,0.4285714328289032,-1.3650224208831787
0.1587301641702652,0.4285714328289032,-1.290361762046814
0.1746031790971756,0.4285714328289032,-1.2080533504486084
0.190476194024086,0.4285714328289032,-1.1189125776290894
0.2063492089509964,0.4285714328289032,-1.023677110671997
0.2222222238779068,0.4285714328289032,-0.9229766130447388
0.2380952388048172,0.4285714328289032,-0.8173337578773499
0.2539682686328888,0.4285714328289032,-0.7072016000747681
0.2698412835597992,0.4285714328289032,-0.5930334329605103
0.2857142984867096,0.4285714328289032,-0.4753747880458832
0.30158731341362,0.4285714328289032,-0.35495564341545105
0.3174603283405304,0.4285714328289032,-0.23275819420814514
0.3333333432674408,0.4285714328289032,-0.11004337668418884
0.3492063581943512,0.4285714328289032,0.011676033027470112
0.3650793731212616,0.4285714328289032,0.13070844113826752
0.380952388048172,0.4285714328289032,0.24528905749320984
0.3968254029750824,0.4285714328289032,0.35369306802749634
0.4126984179019928,0.4285714328289032,0.454335480928421
0.4285714328289032,0.4285714328289032,0.5458400249481201
0.4444444477558136,0.4285714328289032,0.6270708441734314
0.460317462682724,0.4285714328289032,0.6971316933631897
0.4761904776096344,0.4285714328289032,0.7553402781486511
0.4920634925365448,0.4285714328289032,0.8011962175369263
0.5079365372657776,0.4285714328289032,0.8343479633331299
0.523809552192688,0.4285714328289032,0.8545737862586975
0.5396825671195984,0.4285714328289032,0.861773669719696
0.5555555820465088,0.4285714328289032,0.8559744954109192
0.5714285969734192,0.4285714328289032,0.8373423218727112
0.5873016119003296,0.4285714328289032,0.8061960339546204
0.60317462682724,0.4285714328289032,0.7630162239074707
0.6190476417541504,0.4285714328289032,0.7084463834762573
0.6349206566810608,0.4285714328289032,0.6432803869247437
0.6507936716079712,0.4285714328289032,0.5684401392936707
0.6666666865348816,0.4285714328289032,0.4849419593811035
0.682539701461792,0.4285714328289032,0.39385804533958435
0.6984127163887024,0.4285714328289032,0.2962760329246521
0.7142857313156128,0.4285714328289032,0.1932644248008728
0.7301587462425232,0.4285714328289032,0.08584600687026978
0.7460317611694336,0.4285714328289032,-0.02501523494720459
0.761904776096344,0.4285714328289032,-0.13841460645198822
0.7777777910232544,0.4285714328289032,-0.25349488854408264
0.7936508059501648,0.4285714328289032,-0.36942699551582336
0.8095238208770752,0.4285714328289032,-0.48538535833358765
0.8253968358039856,0.4285714328289032,-0.6005268692970276
0.841269850730896,0.4285714328289032,-0.7139731049537659
0.8571428656578064,0.4285714328289032,-0.8248027563095093
0.8730158805847168,0.4285714328289032,-0.932052493095398
0.8888888955116272,0.4285714328289032,-1.0347286462783813
0.9047619104385376,0.4285714328289032,-1.1318238973617554
0.920634925365448,0.4285714328289032,-1.2223403453826904
0.9365079402923584,0.4285714328289032,-1.305314302444458
0.9523809552192688,0.4285714328289032,-1.3798391819000244
0.9682539701461792,0.4285714328289032,-1.4450863599777222
0.9841269850730896,0.4285714328289032,-1.5003232955932617
1.0,0.4285714328289032,-1.544925332069397
0.0,0.4444444477558136,-1.4942065477371216
0.01587301678955555,0.4444444477558136,-1.5118149518966675
0.0317460335791111,0.4444444477558136,-1.517930507659912
0.0476190485060215,0.4444444477558136,-1.5125247240066528
0.0634920671582222,0.4444444477558136,-1.4956963062286377
0.0793650820851326,0.4444444477558136,-1.4676753282546997
0.095238097012043,0.4444444477558136,-1.4288253784179688
0.1111111119389534,0.4444444477558136,-1.379639983177185
0.1269841343164444,0.4444444477558136,-1.3207335472106934
0.1428571492433548,0.4444444477558136,-1.2528221607208252
0.1587301641702652,0.4444444477558136,-1.1766951084136963
0.1746031790971756,0.4444444477558136,-1.093178391456604
0.190476194024086,0.4444444477558136,-1.0030925273895264
0.2063492089509964,0.4444444477558136,-0.9072175025939941
0.2222222238779068,0.4444444477558136,-0.8062667846679688
0.2380952388048172,0.4444444477558136,-0.7008872628211975
0.2539682686328888,0.4444444477558136,-0.5916827321052551
0.2698412835597992,0.4444444477558136,-0.4792626202106476
0.2857142984867096,0.4444444477558136,-0.364306777715683
0.30158731341362,0.4444444477558136,-0.2476295530796051
0.3174603283405304,0.4444444477558136,-0.13022728264331818
0.3333333432674408,0.4444444477558136,-0.013295062817633152
0.3492063581943512,0.4444444477558136,0.1017950251698494
0.3650793731212616,0.4444444477558136,0.2135484367609024
0.380952388048172,0.4444444477558136,0.3204267919063568
0.3968254029750824,0.4444444477558136,0.4209318459033966
0.4126984179019928,0.4444444477558136,0.5136783123016357
0.4285714328289032,0.4444444477558136,0.5974462032318115
0.4444444477558136,0.4444444477558136,0.6712039113044739
0.460317462682724,0.4444444477558136,0.7341095805168152
0.4761904776096344,0.4444444477558136,0.785495936870575
0.4920634925365448,0.4444444477558136,0.824849545955658
0.5079365372657776,0.4444444477558136,0.8517932891845703
0.523809552192688,0.4444444477558136,0.8660795092582703
0.5396825671195984,0.4444444477558136,0.8675922751426697
0.5555555820465088,0.4444444477558136,0.8563603162765503
0.5714285969734192,0.4444444477558136,0.8325737714767456
0.5873016119003296,0.4444444477558136,0.7966005206108093
0.60317462682724,0.4444444477558136,0.7489942908287048
0.6190476417541504,0.4444444477558136,0.6904924511909485
0.6349206566810608,0.4444444477558136,0.6219983100891113
0.6507936716079712,0.4444444477558136,0.544549286365509
0.6666666865348816,0.4444444477558136,0.4592740535736084
0.682539701461792,0.4444444477558136,0.3673417866230011
0.6984127163887024,0.4444444477558136,0.2699117362499237
0.7142857313156128,0.4444444477558136,0.1680898666381836
0.7301587462425232,0.4444444477558136,0.06289663165807724
0.7460317611694336,0.4444444477558136,-0.04474697634577751
0.761904776096344,0.4444444477558136,-0.15401685237884521
0.7777777910232544,0.4444444477558136,-0.2641673684120178
0.7936508059501648,0.4444444477558136,-0.3745017945766449
0.8095238208770752,0.4444444477558136,-0.4843374788761139
0.8253968358039856,0.4444444477558136,-0.5929734706878662
0.841269850730896,0.4444444477558136,-0.6996642351150513
0.8571428656578064,0.4444444477558136,-0.8036057353019714
0.8730158805847168,0.4444444477558136,-0.9039331674575806
0.8888888955116272,0.4444444477558136,-0.9997307658195496
0.9047619104385376,0.4444444477558136,-1.0900521278381348
0.920634925365448,0.4444444477558136,-1.173945665359497
0.9365079402923584,0.4444444477558136,-1.2504830360412598
0.9523809552192688,0.4444444477558136,-1.3187869787216187
0.9682539701461792,0.4444444477558136,-1.378055214881897
0.9841269850730896,0.4444444477558136,-1.427580714225769
1.0,0.4444444477558136,-1.4667658805847168
0.0,0.460317462682724,-1.4030333757400513
0.01587301678955555,0.460317462682724,-1.416326880455017
0.0317460335791111,0.460317462682724,-1.4185107946395874
0.0476190485060215,0.460317462682724,-1.4095847606658936
0.0634920671582222,0.460317462682724,-1.3896679878234863
0.0793650820851326,0.460317462682724,-1.3589996099472046
0.095238097012043,0.460317462682724,-1.3179408311843872
0.1111111119389534,0.460317462682724,-1.2669707536697388
0.1269841343164444,0.460317462682724,-1.2066789865493774
0.1428571492433548,0.460317462682724,-1.1377507448196411
0.1587301641702652,0.460317462682724,-1.0609441995620728
0.1746031790971756,0.460317462682724,-0.9770646691322327
0.190476194024086,0.460317462682724,-0.8869311213493347
0.2063492089509964,0.460317462682724,-0.7913500070571899
0.2222222238779068,0.460317462682724,-0.6910949945449829
0.2380952388048172,0.460317462682724,-0.5869036912918091
0.2539682686328888,0.460317462682724,-0.47949105501174927
0.2698412835597992,0.460317462682724,-0.3695821464061737
0.2857142984867096,0.460317462682724,-0.2579534947872162
0.30158731341362,0.460317462682724,-0.1454765647649765
0.3174603283405304,0.460317462682724,-0.033147621899843216
0.3333333432674408,0.460317462682724,0.07790222018957138
0.3492063581943512,0.460317462682724,0.18642467260360718
0.3650793731212616,0.460317462682724,0.291093647480011
0.380952388048172,0.460317462682724,0.39056241512298584
0.3968254029750824,0.460317462682724,0.48352259397506714
0.4126984179019928,0.460317462682724,0.5687568783760071
0.4285714328289032,0.460317462682724,0.6451754570007324
0.4444444477558136,0.460317462682724,0.7118337154388428
0.460317462682724,0.460317462682724,0.7679352164268494
0.4761904776096344,0.460317462682724,0.8128233551979065
0.4920634925365448,0.460317462682724,0.8459723591804504
0.5079365372657776,0.460317462682724,0.8669818043708801
0.523809552192688,0.460317462682724,0.8755807280540466
0.5396825671195984,0.460317462682724,0.871640145778656
0.5555555820465088,0.460317462682724,0.8551934957504272
0.5714285969734192,0.460317462682724,0.8264591097831726
0.5873016119003296,0.460317462682724,0.7858591079711914
0.60317462682724,0.460317462682724,0.7340278029441833
0.6190476417541504,0.460317462682724,0.6718066930770874
0.6349206566810608,0.460317462682724,0.6002199053764343
0.6507936716079712,0.460317462682724,0.5204340219497681
0.6666666865348816,0.460317462682724,0.4337022006511688
0.682539701461792,0.460317462682724,0.34130191802978516
0.6984127163887024,0.460317462682724,0.24447104334831238
0.7142857313156128,0.460317462682724,0.14435532689094543
0.7301587462425232,0.460317462682724,0.04196958988904953
0.7460317611694336,0.460317462682724,-0.061817292124032974
0.761904776096344,0.460317462682724,-0.166276752948761
0.7777777910232544,0.460317462682724,-0.2707931697368622
0.7936508059501648,0.460317462682724,-0.3748236298561096
0.8095238208770752,0.460317462682724,-0.47785019874572754
0.8253968358039856,0.460317462682724,-0.5793349146842957
0.841269850730896,0.460317462682724,-0.678683340549469
0.8571428656578064,0.460317462682724,-0.775223433971405
0.8730158805847168,0.460317462682724,-0.8681986331939697
0.8888888955116272,0.460317462682724,-0.9567779898643494
0.9047619104385376,0.460317462682724,-1.0400779247283936
0.920634925365448,0.460317462682724,-1.117192268371582
0.9365079402923584,0.460317462682724,-1.187225103378296
0.9523809552192688,0.460317462682724,-1.2493231296539307
0.9682539701461792,0.460317462682724,-1.3027046918869019
0.9841269850730896,0.460317462682724,-1.3466821908950806
1.0,0.460317462682724,-1.3806782960891724
0.0,0.4761904776096344,-1.3050605058670044
0.01587301678955555,0.4761904776096344,-1.3144375085830688
0.0317460335791111,0.4761904776096344,-1.3131279945373535
0.0476190485060215,0.4761904776096344,-1.3011587858200073
0.0634920671582222,0.4761904776096344,-1.2786674499511719
0.0793650820851326,0.4761904776096344,-1.2459025382995605
0.095238097012043,0.4761904776096344,-1.2032240629196167
0.1111111119389534,0.4761904776096344,-1.1510995626449585
0.1269841343164444,0.4761904776096344,-1.0900977849960327
0.1428571492433548,0.4761904776096344,-1.020876407623291
0.1587301641702652,0.4761904776096344,-0.9441664218902588
0.1746031790971756,0.4761904776096344,-0.8607503771781921
0.190476194024086,0.4761904776096344,-0.7714391946792603
0.2063492089509964,0.4761904776096344,-0.6770517230033875
0.2222222238779068,0.4761904776096344,-0.5783979296684265
0.2380952388048172,0.4761904776096344,-0.47627389430999756
0.2539682686328888,0.4761904776096344,-0.37146902084350586
0.2698412835597992,0.4761904776096344,-0.26478415727615356
0.2857142984867096,0.4761904776096344,-0.15705759823322296
0.30158731341362,0.4761904776096344,-0.0491911955177784
0.3174603283405304,0.4761904776096344,0.05783182010054588
0.3333333432674408,0.4761904776096344,0.16294237971305847
0.3492063581943512,0.4761904776096344,0.26499927043914795
0.3650793731212616,0.4761904776096344,0.3628174960613251
0.380952388048172,0.4761904776096344,0.4552075266838074
0.3968254029750824,0.4761904776096344,0.541016161441803
0.4126984179019928,0.4761904776096344,0.6191622614860535
0.4285714328289032,0.4761904776096344,0.6886613965034485
0.4444444477558136,0.4761904776096344,0.7486394047737122
0.460317462682724,0.4761904776096344,0.7983351945877075
0.4761904776096344,0.4761904776096344,0.837099552154541
0.4920634925365448,0.4761904776096344,0.8643943667411804
0.5079365372657776,0.4761904776096344,0.8797975778579712
0.523809552192688,0.4761904776096344,0.8830173015594482
0.5396825671195984,0.4761904776096344,0.8739138841629028
0.5555555820465088,0.4761904776096344,0.8525279760360718
0.5714285969734192,0.4761904776096344,0.8191090822219849
0.5873016119003296,0.4761904776096344,0.7741377353668213
0.60317462682724,0.4761904776096344,0.7183352112770081
0.6190476417541504,0.4761904776096344,0.6526552438735962
0.6349206566810608,0.4761904776096344,0.5782531499862671
0.6507936716079712,0.4761904776096344,0.49643540382385254
0.6666666865348816,0.4761904776096344,0.4085909128189087
0.682539701461792,0.4761904776096344,0.3161139488220215
0.6984127163887024,0.4761904776096344,0.22032767534255981
0.7142857313156128,0.4761904776096344,0.12241903692483902
0.7301587462425232,0.4761904776096344,0.023393983021378517
0.7460317611694336,0.4761904776096344,-0.07593970000743866
0.761904776096344,0.4761904776096344,-0.17496173083782196
0.7777777910232544,0.4761904776096344,-0.27320396900177
0.7936508059501648,0.4761904776096344,-0.37029626965522766
0.8095238208770752,0.4761904776096344,-0.4659048914909363
0.8253968358039856,0.4761904776096344,-0.5596736669540405
0.841269850730896,0.4761904776096344,-0.6511755585670471
0.8571428656578064,0.4761904776096344,-0.7398828864097595
0.8730158805847168,0.4761904776096344,-0.8251566886901855
0.8888888955116272,0.4761904776096344,-0.906255841255188
0.9047619104385376,0.4761904776096344,-0.9823615550994873
0.920634925365448,0.4761904776096344,-1.052611231803894
0.9365079402923584,0.4761904776096344,-1.1161383390426636
0.9523809552192688,0.4761904776096344,-1.172108769416809
0.9682539701461792,0.4761904776096344,-1.2197551727294922
0.9841269850730896,0.4761904776096344,-1.2584030628204346
1.0,0.4761904776096344,-1.2874891757965088
0.0,0.4920634925365448,-1.2012312412261963
0.01587301678955555,0.4920634925365448,-1.2071268558502197
0.0317460335791111,0.4920634925365448,-1.202795147895813
0.0476190485060215,0.4920634925365448,-1.1882872581481934
0.0634920671582222,0.4920634925365448,-1.163757085800171
0.0793650820851326,0.4920634925365448,-1.1294618844985962
0.095238097012043,0.4920634925365448,-1.0857605934143066
0.1111111119389534,0.4920634925365448,-1.0331110954284668
0.1269841343164444,0.4920634925365448,-0.9720634818077087
0.1428571492433548,0.4920634925365448,-0.9032515287399292
0.1587301641702652,0.4920634925365448,-0.8273798227310181
0.1746031790971756,0.4920634925365448,-0.7452070713043213
0.190476194024086,0.4920634925365448,-0.6575301885604858
0.2063492089509964,0.4920634925365448,-0.5651665925979614
0.2222222238779068,0.4920634925365448,-0.4689413011074066
0.2380952388048172,0.4920634925365448,-0.36968135833740234
0.2539682686328888,0.4920634925365448,-0.26821690797805786
0.2698412835597992,0.4920634925365448,-0.16539037227630615
0.2857142984867096,0.4920634925365448,-0.06207045167684555
0.30158731341362,0.4920634925365448,0.0408337265253067
0.3174603283405304,0.4920634925365448,0.14236345887184143
0.3333333432674408,0.4920634925365448,0.2415095418691635
0.3492063581943512,0.4920634925365448,0.33722344040870667
0.3650793731212616,0.4920634925365448,0.4284364879131317
0.380952388048172,0.4920634925365448,0.5140864253044128
0.3968254029750824,0.4920634925365448,0.5931440591812134
0.4126984179019928,0.4920634925365448,0.6646361351013184
0.4285714328289032,0.4920634925365448,0.727662205696106
0.4444444477558136,0.4920634925365448,0.7814026474952698
0.460317462682724,0.4920634925365448,0.8251235485076904
0.4761904776096344,0.4920634925365448,0.8581792712211609
0.4920634925365448,0.4920634925365448,0.8800191879272461
0.5079365372657776,0.4920634925365448,0.890200674533844
0.523809552192688,0.4920634925365448,0.8884128332138062
0.5396825671195984,0.4920634925365448,0.8745066523551941
0.5555555820465088,0.4920634925365448,0.8485315442085266
0.5714285969734192,0.4920634925365448,0.810769259929657
0.5873016119003296,0.4920634925365448,0.7617617249488831
0.60317462682724,0.4920634925365448,0.7023206949234009
0.6190476417541504,0.4920634925365448,0.633517324924469
0.6349206566810608,0.4920634925365448,0.5566447973251343
0.6507936716079712,0.4920634925365448,0.4731568992137909
0.6666666865348816,0.4920634925365448,0.3845851719379425
0.682539701461792,0.4920634925365448,0.2924472689628601
0.6984127163887024,0.4920634925365448,0.19815458357334137
0.7142857313156128,0.4920634925365448,0.10293596237897873
0.7301587462425232,0.4920634925365448,0.007784755900502205
0.7460317611694336,0.4920634925365448,-0.08655953407287598
0.761904776096344,0.4920634925365448,-0.17959648370742798
0.7777777910232544,0.4920634925365448,-0.2710185945034027
0.7936508059501648,0.4920634925365448,-0.36064404249191284
0.8095238208770752,0.4920634925365448,-0.44833895564079285
0.8253968358039856,0.4920634925365448,-0.5339434146881104
0.841269850730896,0.4920634925365448,-0.617210328578949
0.8571428656578064,0.4920634925365448,-0.6977664828300476
0.8730158805847168,0.4920634925365448,-0.7750971913337708
0.8888888955116272,0.4920634925365448,-0.8485549688339233
0.9047619104385376,0.4920634925365448,-0.9173864126205444
0.920634925365448,0.4920634925365448,-0.9807717204093933
0.9365079402923584,0.4920634925365448,-1.0378696918487549
0.9523809552192688,0.4920634925365448,-1.0878610610961914
0.9682539701461792,0.4920634925365448,-1.1299874782562256
0.9841269850730896,0.4920634925365448,-1.1635814905166626
1.0,0.4920634925365448,-1.188088059425354
0.0,0.5079365372657776,-1.0925450325012207
0.01587301678955555,0.5079365372657776,-1.095427393913269
0.0317460335791111,0.5079365372657776,-1.08857262134552
0.0476190485060215,0.5079365372657776,-1.0720528364181519
0.0634920671582222,0.5079365372657776,-1.0460357666015625
0.0793650820851326,0.5079365372657776,-1.0107852220535278
0.095238097012043,0.5079365372657776,-0.9666584134101868
0.1111111119389534,0.5079365372657776,-0.9141038060188293
0.1269841343164444,0.5079365372657776,-0.853654146194458
0.1428571492433548,0.5079365372657776,-0.7859206199645996
0.1587301641702652,0.5079365372657776,-0.7115811705589294
0.1746031790971756,0.5079365372657776,-0.6313700079917908
0.190476194024086,0.5079365372657776,-0.5460625290870667
0.2063492089509964,0.5079365372657776,-0.45646366477012634
0.2222222238779068,0.5079365372657776,-0.36339619755744934
0.2380952388048172,0.5079365372657776,-0.26769423484802246
0.2539682686328888,0.5079365372657776,-0.17020122706890106
0.2698412835597992,0.5079365372657776,-0.07177276164293289
0.2857142984867096,0.5079365372657776,0.026717837899923325
0.30158731341362,0.5079365372657776,0.1243729442358017
0.3174603283405304,0.5079365372657776,0.220267653465271
0.3333333432674408,0.5079365372657776,0.31345129013061523
0.3492063581943512,0.5079365372657776,0.40295568108558655
0.3650793731212616,0.5079365372657776,0.4878084063529968
0.380952388048172,0.5079365372657776,0.5670496225357056
0.3968254029750824,0.5079365372657776,0.6397484540939331
0.4126984179019928,0.5079365372657776,0.7050168514251709
0.4285714328289032,0.5079365372657776,0.7620194554328918
0.4444444477558136,0.5079365372657776,0.8099790811538696
0.460317462682724,0.5079365372657776,0.8481816649436951
0.4761904776096344,0.5079365372657776,0.8759821057319641
0.4920634925365448,0.5079365372657776,0.8928167819976807
0.5079365372657776,0.5079365372657776,0.8982235193252563
0.523809552192688,0.5079365372657776,0.891873300075531
0.5396825671195984,0.5079365372657776,0.8736086487770081
0.5555555820465088,0.5079365372657776,0.843487024307251
0.5714285969734192,0.5079365372657776,0.801823079586029
0.5873016119003296,0.5079365372657776,0.7492192387580872
0.60317462682724,0.5079365372657776,0.6865781545639038
0.6190476417541504,0.5079365372657776,0.6150896549224854
0.6349206566810608,0.5079365372657776,0.5361860394477844
0.6507936716079712,0.5079365372657776,0.4514700174331665
0.6666666865348816,0.5079365372657776,0.36261799931526184
0.682539701461792,0.5079365372657776,0.2712719440460205
0.6984127163887024,0.5079365372657776,0.1789316087961197
0.7142857313156128,0.5079365372657776,0.0868656113743782
0.7301587462425232,0.5079365372657776,-0.003948891069740057
0.7460317611694336,0.5079365372657776,-0.09284675121307373
0.761904776096344,0.5079365372657776,-0.17945480346679688
0.7777777910232544,0.5079365372657776,-0.26363542675971985
0.7936508059501648,0.5079365372657776,-0.34540480375289917
0.8095238208770752,0.5079365372657776,-0.42483851313591003
0.8253968358039856,0.5079365372657776,-0.5019817352294922
0.841269850730896,0.5079365372657776,-0.5767748951911926
0.8571428656578064,0.5079365372657776,-0.6490049362182617
0.8730158805847168,0.5079365372657776,-0.718285322189331
0.8888888955116272,0.5079365372657776,-0.7840639352798462
0.9047619104385376,0.5079365372657776,-0.8456529378890991
0.920634925365448,0.5079365372657776,-0.9022734761238098
0.9365079402923584,0.5079365372657776,-0.9531070590019226
0.9523809552192688,0.5079365372657776,-0.9973453283309937
0.9682539701461792,0.5079365372657776,-1.034234642982483
0.9841269850730896,0.5079365372657776,-1.0631099939346313
1.0,0.5079365372657776,-1.0834193229675293
0.0,0.523809552192688,-0.9800476431846619
0.01587301678955555,0.523809552192688,-0.9804134964942932
0.0317460335791111,0.523809552192688,-0.9715582132339478
0.0476190485060215,0.523809552192688,-0.9535706043243408
0.0634920671582222,0.523809552192688,-0.926629364490509
0.0793650820851326,0.523809552192688,-0.8910017013549805
0.095238097012043,0.523809552192688,-0.847041666507721
0.1111111119389534,0.523809552192688,-0.795186460018158
0.1269841343164444,0.523809552192688,-0.735951840877533
0.1428571492433548,0.523809552192688,-0.6699253916740417
0.1587301641702652,0.523809552192688,-0.5977587103843689
0.1746031790971756,0.523809552192688,-0.5201576948165894
0.190476194024086,0.523809552192688,-0.4378714859485626
0.2063492089509964,0.523809552192688,-0.3516826927661896
0.2222222238779068,0.523809552192688,-0.26239725947380066
0.2380952388048172,0.523809552192688,-0.1708379089832306
0.2539682686328888,0.523809552192688,-0.07783994823694229
0.2698412835597992,0.523809552192688,0.015750175341963768
0.2857142984867096,0.523809552192688,0.10907424986362457
0.30158731341362,0.523809552192688,0.20126086473464966
0.3174603283405304,0.523809552192688,0.29142630100250244
0.3333333432674408,0.523809552192688,0.37867671251296997
0.3492063581943512,0.523809552192688,0.4621153175830841
0.3650793731212616,0.523809552192688,0.5408501029014587
0.380952388048172,0.523809552192688,0.6140044927597046
0.3968254029750824,0.523809552192688,0.680726170539856
0.4126984179019928,0.523809552192688,0.7401943206787109
0.4285714328289032,0.523809552192688,0.7916250228881836
0.4444444477558136,0.523809552192688,0.8342737555503845
0.460317462682724,0.523809552192688,0.867440938949585
0.4761904776096344,0.523809552192688,0.8904799222946167
0.4920634925365448,0.523809552192688,0.9028139710426331
0.5079365372657776,0.523809552192688,0.9039624333381653
0.523809552192688,0.523809552192688,0.8935788869857788
0.5396825671195984,0.523809552192688,0.8714967370033264
0.5555555820465088,0.523809552192688,0.8377811908721924
0.5714285969734192,0.523809552192688,0.7927768230438232
0.5873016119003296,0.523809552192688,0.7371435761451721
0.60317462682724,0.523809552192688,0.6718710064888
0.6190476417541504,0.523809552192688,0.598262369632721
0.6349206566810608,0.523809552192688,0.5178845524787903
0.6507936716079712,0.523809552192688,0.4324840307235718
0.6666666865348816,0.523809552192688,0.3438769578933716
0.682539701461792,0.523809552192688,0.25382426381111145
0.6984127163887024,0.523809552192688,0.16390925645828247
0.7142857313156128,0.523809552192688,0.07543610781431198
0.7301587462425232,0.523809552192688,-0.010638847947120667
0.7460317611694336,0.523809552192688,-0.09372846782207489
0.761904776096344,0.523809552192688,-0.17359034717082977
0.7777777910232544,0.523809552192688,-0.2502598166465759
0.7936508059501648,0.523809552192688,-0.32395339012145996
0.8095238208770752,0.523809552192688,-0.3949581980705261
0.8253968358039856,0.523809552192688,-0.4635262191295624
0.841269850730896,0.523809552192688,-0.5297861099243164
0.8571428656578064,0.523809552192688,-0.5936858057975769
0.8730158805847168,0.523809552192688,-0.6549667119979858
0.8888888955116272,0.523809552192688,-0.7131717205047607
0.9047619104385376,0.523809552192688,-0.7676774263381958
0.920634925365448,0.523809552192688,-0.8177444934844971
0.9365079402923584,0.523809552192688,-0.8625749945640564
0.9523809552192688,0.523809552192688,-0.9013693332672119
0.9682539701461792,0.523809552192688,-0.933375358581543
0.9841269850730896,0.523809552192688,-0.9579270482063293
1.0,0.523809552192688,-0.9744714498519897
0.0,0.5396825671195984,-0.8648223876953125
0.01587301678955555,0.5396825671195984,-0.8631919026374817
0.0317460335791111,0.5396825671195984,-0.852876603603363
0.0476190485060215,0.5396825671195984,-0.8339779376983643
0.0634920671582222,0.5396825671195984,-0.8066807985305786
0.0793650820851326,0.5396825671195984,-0.7712531089782715
0.095238097012043,0.5396825671195984,-0.7280418276786804
0.1111111119389534,0.5396825671195984,-0.6774714589118958
0.1269841343164444,0.5396825671195984,-0.6200382709503174
0.1428571492433548,0.5396825671195984,-0.5563056468963623
0.1587301641702652,0.5396825671195984,-0.48689624667167664
0.1746031790971756,0.5396825671195984,-0.4124848246574402
0.190476194024086,0.5396825671195984,-0.3337891101837158
0.2063492089509964,0.5396825671195984,-0.2515615224838257
0.2222222238779068,0.5396825671195984,-0.1665799617767334
0.2380952388048172,0.5396825671195984,-0.07964179664850235
0.2539682686328888,0.5396825671195984,0.00844205915927887
0.2698412835597992,0.5396825671195984,0.09685061126947403
0.2857142984867096,0.5396825671195984,0.1847553551197052
0.30158731341362,0.5396825671195984,0.2713219225406647
0.3174603283405304,0.5396825671195984,0.3557126820087433
0.3333333432674408,0.5396825671195984,0.4370899796485901
0.3492063581943512,0.5396825671195984,0.5146212577819824
0.3650793731212616,0.5396825671195984,0.5874835252761841
0.380952388048172,0.5396825671195984,0.6548693776130676
0.3968254029750824,0.5396825671195984,0.7159906625747681
0.4126984179019928,0.5396825671195984,0.7700812220573425
0.4285714328289032,0.5396825671195984,0.8163980841636658
0.4444444477558136,0.5396825671195984,0.8542231917381287
0.460317462682724,0.5396825671195984,0.8828679919242859
0.4761904776096344,0.5396825671195984,0.9016837477684021
0.4920634925365448,0.5396825671195984,0.9100814461708069
0.5079365372657776,0.5396825671195984,0.9075632691383362
0.523809552192688,0.5396825671195984,0.8937658071517944
0.5396825671195984,0.5396825671195984,0.8685136437416077
0.5555555820465088,0.5396825671195984,0.8318771123886108
0.5714285969734192,0.5396825671195984,0.7842261791229248
0.5873016119003296,0.5396825671195984,0.7262722253799438
0.60317462682724,0.5396825671195984,0.6590819358825684
0.6190476417541504,0.5396825671195984,0.5840616226196289
0.6349206566810608,0.5396825671195984,0.5028998255729675
0.6507936716079712,0.5396825671195984,0.41747385263442993
0.6666666865348816,0.5396825671195984,0.329725980758667
0.682539701461792,0.5396825671195984,0.24152405560016632
0.6984127163887024,0.5396825671195984,0.15452459454536438
0.7142857313156128,0.5396825671195984,0.07005923241376877
0.7301587462425232,0.5396825671195984,-0.010941007174551487
0.7460317611694336,0.5396825671195984,-0.08796855062246323
0.761904776096344,0.5396825671195984,-0.16091029345989227
0.7777777910232544,0.5396825671195984,-0.22997045516967773
0.7936508059501648,0.5396825671195984,-0.29556015133857727
0.8095238208770752,0.5396825671195984,-0.358171284198761
0.8253968358039856,0.5396825671195984,-0.41825538873672485
0.841269850730896,0.5396825671195984,-0.4761233329772949
0.8571428656578064,0.5396825671195984,-0.5318782329559326
0.8730158805847168,0.5396825671195984,-0.5853854417800903
0.8888888955116272,0.5396825671195984,-0.6362793445587158
0.9047619104385376,0.5396825671195984,-0.6839991211891174
0.920634925365448,0.5396825671195984,-0.7278434038162231
0.9365079402923584,0.5396825671195984,-0.7670344114303589
0.9523809552192688,0.5396825671195984,-0.8007797598838806
0.9682539701461792,0.5396825671195984,-0.8283279538154602
0.9841269850730896,0.5396825671195984,-0.8490103483200073
1.0,0.5396825671195984,-0.8622711896896362
0.0,0.5555555820465088,-0.7479783296585083
0.01587301678955555,0.5555555820465088,-0.7448906898498535
0.0317460335791111,0.5555555820465088,-0.7336692214012146
0.0476190485060215,0.5555555820465088,-0.7144233584403992
0.0634920671582222,0.5555555820465088,-0.6873400211334229
0.0793650820851326,0.5555555820465088,-0.6526827216148376
0.095238097012043,0.5555555820465088,-0.6107885837554932
0.1111111119389534,0.5555555820465088,-0.562065601348877
0.1269841343164444,0.5555555820465088,-0.5069883465766907
0.1428571492433548,0.5555555820465088,-0.4460928738117218
0.1587301641702652,0.5555555820465088,-0.3799704909324646
0.1746031790971756,0.5555555820465088,-0.3092617094516754
0.190476194024086,0.5555555820465088,-0.23464807868003845
0.2063492089509964,0.5555555820465088,-0.15684525668621063
0.2222222238779068,0.5555555820465088,-0.07659487426280975
0.2380952388048172,0.5555555820465088,0.00534157594665885
0.2539682686328888,0.5555555820465088,0.08818898350000381
0.2698412835597992,0.5555555820465088,0.1711633801460266
0.2857142984867096,0.5555555820465088,0.25347623229026794
0.30158731341362,0.5555555820465088,0.3343373239040375
0.3174603283405304,0.5555555820465088,0.41295894980430603
0.3333333432674408,0.5555555820465088,0.48855865001678467
0.3492063581943512,0.5555555820465088,0.5603629946708679
0.3650793731212616,0.5555555820465088,0.6276100873947144
0.380952388048172,0.5555555820465088,0.6895517706871033
0.3968254029750824,0.5555555820465088,0.7454543113708496
0.4126984179019928,0.5555555820465088,0.7945972084999084
0.4285714328289032,0.5555555820465088,0.8362725377082825
0.4444444477558136,0.5555555820465088,0.8697845339775085
0.460317462682724,0.5555555820465088,0.8944547176361084
0.4761904776096344,0.5555555820465088,0.9096328616142273
0.4920634925365448,0.5555555820465088,0.9147199988365173
0.5079365372657776,0.5555555820465088,0.9092029333114624
0.523809552192688,0.5555555820465088,0.8927033543586731
0.5396825671195984,0.5555555820465088,0.8650362491607666
0.5555555820465088,0.5555555820465088,0.8262739181518555
0.5714285969734192,0.5555555820465088,0.7768064737319946
0.5873016119003296,0.5555555820465088,0.717384934425354
0.60317462682724,0.5555555820465088,0.6491404175758362
0.6190476417541504,0.5555555820465088,0.5735641717910767
0.6349206566810608,0.5555555820465088,0.49244585633277893
0.6507936716079712,0.5555555820465088,0.407772034406662
0.6666666865348816,0.5555555820465088,0.321588933467865
0.682539701461792,0.5555555820465088,0.23585176467895508
0.6984127163887024,0.5555555820465088,0.15227386355400085
0.7142857313156128,0.5555555820465088,0.07220298051834106
0.7301587462425232,0.5555555820465088,-0.003460185369476676
0.7460317611694336,0.5555555820465088,-0.07428682595491409
0.761904776096344,0.5555555820465088,-0.14028632640838623
0.7777777910232544,0.5555555820465088,-0.20182029902935028
0.7936508059501648,0.5555555820465088,-0.25947993993759155
0.8095238208770752,0.5555555820465088,-0.31394559144973755
0.8253968358039856,0.5555555820465088,-0.3658527731895447
0.841269850730896,0.5555555820465088,-0.4156798720359802
0.8571428656578064,0.5555555820465088,-0.4636734127998352
0.8730158805847168,0.5555555820465088,-0.5098136067390442
0.8888888955116272,0.5555555820465088,-0.5538208484649658
0.9047619104385376,0.5555555820465088,-0.5951935648918152
0.920634925365448,0.5555555820465088,-0.6332674026489258
0.9365079402923584,0.5555555820465088,-0.6672844886779785
0.9523809552192688,0.5555555820465088,-0.6964609026908875
0.9682539701461792,0.5555555820465088,-0.7200465202331543
0.9841269850730896,0.5555555820465088,-0.7373707294464111
1.0,0.5555555820465088,-0.7478742599487305
0.0,0.5714285969734192,-0.6306405663490295
0.01587301678955555,0.5714285969734192,-0.626648485660553
0.0317460335791111,0.5714285969734192,-0.6150830388069153
0.0476190485060215,0.5714285969734192,-0.5960561037063599
0.0634920671582222,0.5714285969734192,-0.5697519779205322
0.0793650820851326,0.5714285969734192,-0.5364252924919128
0.095238097012043,0.5714285969734192,-0.49639877676963806
0.1111111119389534,0.5714285969734192,-0.4500604569911957
0.1269841343164444,0.5714285969734192,-0.39785945415496826
0.1428571492433548,0.5714285969734192,-0.34030136466026306
0.1587301641702652,0.5714285969734192,-0.27794334292411804
0.1746031790971756,0.5714285969734192,-0.21138782799243927
0.190476194024086,0.5714285969734192,-0.14127609133720398
0.2063492089509964,0.5714285969734192,-0.06828205287456512
0.2222222238779068,0.5714285969734192,0.006895346567034721
0.2380952388048172,0.5714285969734192,0.083537757396698
0.2539682686328888,0.5714285969734192,0.16091381013393402
0.2698412835597992,0.5714285969734192,0.2382844239473343
0.2857142984867096,0.5714285969734192,0.3149074614048004
0.30158731341362,0.5714285969734192,0.3900420069694519
0.3174603283405304,0.5714285969734192,0.46295204758644104
0.3333333432674408,0.5714285969734192,0.5329095125198364
0.3492063581943512,0.5714285969734192,0.5991965532302856
0.3650793731212616,0.5714285969734192,0.6611067652702332
0.380952388048172,0.5714285969734192,0.7179448008537292
0.3968254029750824,0.5714285969734192,0.769024670124054
0.4126984179019928,0.5714285969734192,0.8136662840843201
0.4285714328289032,0.5714285969734192,0.8511929512023926
0.4444444477558136,0.5714285969734192,0.8809302449226379
0.460317462682724,0.5714285969734192,0.9022100567817688
0.4761904776096344,0.5714285969734192,0.9143834114074707
0.4920634925365448,0.5714285969734192,0.9168444871902466
0.5079365372657776,0.5714285969734192,0.9090685248374939
0.523809552192688,0.5714285969734192,0.890664279460907
0.5396825671195984,0.5714285969734192,0.861437201499939
0.5555555820465088,0.5714285969734192,0.821458637714386
0.5714285969734192,0.5714285969734192,0.7711293697357178
0.5873016119003296,0.5714285969734192,0.7112285494804382
0.60317462682724,0.5714285969734192,0.6429315805435181
0.6190476417541504,0.5714285969734192,0.5677914023399353
0.6349206566810608,0.5714285969734192,0.4876709580421448
0.6507936716079712,0.5714285969734192,0.4046352803707123
0.6666666865348816,0.5714285969734192,0.3208051919937134
0.682539701461792,0.5714285969734192,0.23819586634635925
0.6984127163887024,0.5714285969734192,0.15855541825294495
0.7142857313156128,0.5714285969734192,0.08323364704847336
0.7301587462425232,0.5714285969734192,0.013094832189381123
0.7460317611694336,0.5714285969734192,-0.05150718614459038
0.761904776096344,0.5714285969734192,-0.11069256067276001
0.7777777910232544,0.5714285969734192,-0.1649618148803711
0.7936508059501648,0.5714285969734192,-0.21506266295909882
0.8095238208770752,0.5714285969734192,-0.26183924078941345
0.8253968358039856,0.5714285969734192,-0.30608615279197693
0.841269850730896,0.5714285969734192,-0.3484271466732025
0.8571428656578064,0.5714285969734192,-0.3892342746257782
0.8730158805847168,0.5714285969734192,-0.428589403629303
0.8888888955116272,0.5714285969734192,-0.46629035472869873
0.9047619104385376,0.5714285969734192,-0.5018905401229858
0.920634925365448,0.5714285969734192,-0.5347617268562317
0.9365079402923584,0.5714285969734192,-0.5641674399375916
0.9523809552192688,0.5714285969734192,-0.5893347263336182
0.9682539701461792,0.5714285969734192,-0.6095176339149475
0.9841269850730896,0.5714285969734192,-0.6240456700325012
1.0,0.5714285969734192,-0.6323580145835876
0.0,0.5873016119003296,-0.5139387845993042
0.01587301678955555,0.5873016119003296,-0.5096036195755005
0.0317460335791111,0.5873016119003296,-0.49825912714004517
0.0476190485060215,0.5873016119003296,-0.4800145924091339
0.0634920671582222,0.5873016119003296,-0.45504623651504517
0.0793650820851326,0.5873016119003296,-0.4235953092575073
0.095238097012043,0.5873016119003296,-0.3859655261039734
0.1111111119389534,0.5873016119003296,-0.34252071380615234
0.1269841343164444,0.5873016119003296,-0.2936806380748749
0.1428571492433548,0.5873016119003296,-0.2399173229932785
0.1587301641702652,0.5873016119003296,-0.18174979090690613
0.1746031790971756,0.5873016119003296,-0.11973936855792999
0.190476194024086,0.5873016119003296,-0.054483380168676376
0.2063492089509964,0.5873016119003296,0.01339021697640419
0.2222222238779068,0.5873016119003296,0.08322964608669281
0.2380952388048172,0.5873016119003296,0.15436476469039917
0.2539682686328888,0.5873016119003296,0.22611327469348907
0.2698412835597992,0.5873016119003296,0.2977856397628784
0.2857142984867096,0.5873016119003296,0.3686906099319458
0.30158731341362,0.5873016119003296,0.43813902139663696
0.3174603283405304,0.5873016119003296,0.5054475665092468
0.3333333432674408,0.5873016119003296,0.5699415802955627
0.3492063581943512,0.5873016119003296,0.6309561729431152
0.3650793731212616,0.5873016119003296,0.6878364086151123
0.380952388048172,0.5873016119003296,0.7399354577064514
0.3968254029750824,0.5873016119003296,0.7866108417510986
0.4126984179019928,0.5873016119003296,0.8272199630737305
0.4285714328289032,0.5873016119003296,0.8611158728599548
0.4444444477558136,0.5873016119003296,0.8876457810401917
0.460317462682724,0.5873016119003296,0.9061547517776489
0.4761904776096344,0.5873016119003296,0.9159983992576599
0.4920634925365448,0.5873016119003296,0.9165689945220947
0.5079365372657776,0.5873016119003296,0.9073346853256226
0.523809552192688,0.5873016119003296,0.8878943920135498
0.5396825671195984,0.5873016119003296,0.8580447435379028
0.5555555820465088,0.5873016119003296,0.8178518414497375
0.5714285969734192,0.5873016119003296,0.7677185535430908
0.5873016119003296,0.5873016119003296,0.7084353566169739
0.60317462682724,0.5873016119003296,0.6412000060081482
0.6190476417541504,0.5873016119003296,0.5675971508026123
0.6349206566810608,0.5873016119003296,0.48952925205230713
0.6507936716079712,0.5873016119003296,0.4091024696826935
0.6666666865348816,0.5873016119003296,0.32847580313682556
0.682539701461792,0.5873016119003296,0.24969008564949036
0.6984127163887024,0.5873016119003296,0.174502432346344
0.7142857313156128,0.5873016119003296,0.1042473241686821
0.7301587462425232,0.5873016119003296,0.03974692150950432
0.7460317611694336,0.5873016119003296,-0.018714837729930878
0.761904776096344,0.5873016119003296,-0.07135234028100967
0.7777777910232544,0.5873016119003296,-0.11877981573343277
0.7936508059501648,0.5873016119003296,-0.16187141835689545
0.8095238208770752,0.5873016119003296,-0.20160166919231415
0.8253968358039856,0.5873016119003296,-0.23889204859733582
0.841269850730896,0.5873016119003296,-0.27448341250419617
0.8571428656578064,0.5873016119003296,-0.30884963274002075
0.8730158805847168,0.5873016119003296,-0.34215715527534485
0.8888888955116272,0.5873016119003296,-0.3742705285549164
0.9047619104385376,0.5873016119003296,-0.40479302406311035
0.920634925365448,0.5873016119003296,-0.43313169479370117
0.9365079402923584,0.5873016119003296,-0.45857375860214233
0.9523809552192688,0.5873016119003296,-0.4803612530231476
0.9682539701461792,0.5873016119003296,-0.4977567791938782
0.9841269850730896,0.5873016119003296,-0.510094165802002
1.0,0.5873016119003296,-0.5168136358261108
0.0,0.60317462682724,-0.3989968001842499
0.01587301678955555,0.60317462682724,-0.3948831558227539
0.0317460335791111,0.60317462682724,-0.384321928024292
0.0476190485060215,0.60317462682724,-0.36741501092910767
0.0634920671582222,0.60317462682724,-0.34432539343833923
0.0793650820851326,0.60317462682724,-0.3152758479118347
0.095238097012043,0.60317462682724,-0.28054651618003845
0.1111111119389534,0.60317462682724,-0.24047259986400604
0.1269841343164444,0.60317462682724,-0.19544073939323425
0.1428571492433548,0.60317462682724,-0.1458854377269745
0.1587301641702652,0.60317462682724,-0.09228454530239105
0.1746031790971756,0.60317462682724,-0.035154905170202255
0.190476194024086,0.60317462682724,0.024953238666057587
0.2063492089509964,0.60317462682724,0.08746103197336197
0.2222222238779068,0.60317462682724,0.15176726877689362
0.2380952388048172,0.60317462682724,0.21725350618362427
0.2539682686328888,0.60317462682724,0.2832894027233124
0.2698412835597992,0.60317462682724,0.3492383062839508
0.2857142984867096,0.60317462682724,0.41446176171302795
0.30158731341362,0.60317462682724,0.4783235192298889
0.3174603283405304,0.60317462682724,0.5401930809020996
0.3333333432674408,0.60317462682724,0.5994478464126587
0.3492063581943512,0.60317462682724,0.6554737091064453
0.3650793731212616,0.60317462682724,0.707664430141449
0.380952388048172,0.60317462682724,0.7554183602333069
0.3968254029750824,0.60317462682724,0.7981340289115906
0.4126984179019928,0.60317462682724,0.8352048397064209
0.4285714328289032,0.60317462682724,0.8660137057304382
0.4444444477558136,0.60317462682724,0.8899308443069458
0.460317462682724,0.60317462682724,0.9063177704811096
0.4761904776096344,0.60317462682724,0.9145399928092957
0.4920634925365448,0.60317462682724,0.9139931797981262
0.5079365372657776,0.60317462682724,0.9041435718536377
0.523809552192688,0.60317462682724,0.8845848441123962
0.5396825671195984,0.60317462682724,0.8551050424575806
0.5555555820465088,0.60317462682724,0.815761148929596
0.5714285969734192,0.60317462682724,0.766947865486145
0.5873016119003296,0.60317462682724,0.7094495296478271
0.60317462682724,0.60317462682724,0.6444606184959412
0.6190476417541504,0.60317462682724,0.5735645890235901
0.6349206566810608,0.60317462682724,0.49866414070129395
0.6507936716079712,0.60317462682724,0.4218655228614807
0.6666666865348816,0.60317462682724,0.34532278776168823
0.682539701461792,0.60317462682724,0.27106621861457825
0.6984127163887024,0.60317462682724,0.20083117485046387
0.7142857313156128,0.60317462682724,0.13591785728931427
0.7301587462425232,0.60317462682724,0.07710021734237671
0.7460317611694336,0.60317462682724,0.024600381031632423
0.761904776096344,0.60317462682724,-0.021871013566851616
0.7777777910232544,0.60317462682724,-0.0630125030875206
0.7936508059501648,0.60317462682724,-0.09978839010000229
0.8095238208770752,0.60317462682724,-0.13326475024223328
0.8253968358039856,0.60317462682724,-0.16445226967334747
0.841269850730896,0.60317462682724,-0.1941751092672348
0.8571428656578064,0.60317462682724,-0.22298169136047363
0.8730158805847168,0.60317462682724,-0.2511032223701477
0.8888888955116272,0.60317462682724,-0.27845820784568787
0.9047619104385376,0.60317462682724,-0.30469369888305664
0.920634925365448,0.60317462682724,-0.32925158739089966
0.9365079402923584,0.60317462682724,-0.35144561529159546
0.9523809552192688,0.60317462682724,-0.3705376982688904
0.9682539701461792,0.60317462682724,-0.3858047425746918
0.9841269850730896,0.60317462682724,-0.3965899646282196
1.0,0.60317462682724,-0.4023386538028717
0.0,0.6190476417541504,-0.28692153096199036
0.01587301678955555,0.6190476417541504,-0.2835915982723236
0.0317460335791111,0.6190476417541504,-0.274368554353714
0.0476190485060215,0.6190476417541504,-0.25934135913848877
0.0634920671582222,0.6190476417541504,-0.2386547178030014
0.0793650820851326,0.6190476417541504,-0.2125081866979599
0.095238097012043,0.6190476417541504,-0.1811535507440567
0.1111111119389534,0.6190476417541504,-0.1448933482170105
0.1269841343164444,0.6190476417541504,-0.10407694429159164
0.1428571492433548,0.6190476417541504,-0.05909794196486473
0.1587301641702652,0.6190476417541504,-0.010389762930572033
0.1746031790971756,0.6190476417541504,0.04157814383506775
0.190476194024086,0.6190476417541504,0.09630532562732697
0.2063492089509964,0.6190476417541504,0.15326440334320068
0.2222222238779068,0.6190476417541504,0.21190723776817322
0.2380952388048172,0.6190476417541504,0.27166876196861267
0.2539682686328888,0.6190476417541504,0.33197298645973206
0.2698412835597992,0.6190476417541504,0.3922370672225952
0.2857142984867096,0.6190476417541504,0.4518762528896332
0.30158731341362,0.6190476417541504,0.5103073120117188
0.3174603283405304,0.6190476417541504,0.5669518113136292
0.3333333432674408,0.6190476417541504,0.6212374567985535
0.3492063581943512,0.6190476417541504,0.6725990176200867
0.3650793731212616,0.6190476417541504,0.7204761505126953
0.380952388048172,0.6190476417541504,0.7643101811408997
0.3968254029750824,0.6190476417541504,0.8035390377044678
0.4126984179019928,0.6190476417541504,0.8375909924507141
0.4285714328289032,0.6190476417541504,0.8658793568611145
0.4444444477558136,0.6190476417541504,0.887799859046936
0.460317462682724,0.6190476417541504,0.9027343392372131
0.4761904776096344,0.6190476417541504,0.9100631475448608
0.4920634925365448,0.6190476417541504,0.9091916084289551
0.5079365372657776,0.6190476417541504,0.8995901346206665
0.523809552192688,0.6190476417541504,0.8808504939079285
0.5396825671195984,0.6190476417541504,0.8527538180351257
0.5555555820465088,0.6190476417541504,0.8153437972068787
0.5714285969734192,0.6190476417541504,0.76899653673172
0.5873016119003296,0.6190476417541504,0.7144715189933777
0.60317462682724,0.6190476417541504,0.6529328227043152
0.6190476417541504,0.6190476417541504,0.5859284400939941
0.6349206566810608,0.6190476417541504,0.5153206586837769
0.6507936716079712,0.6190476417541504,0.44317078590393066
0.6666666865348816,0.6190476417541504,0.37158477306365967
0.682539701461792,0.6190476417541504,0.3025420904159546
0.6984127163887024,0.6190476417541504,0.23772506415843964
0.7142857313156128,0.6190476417541504,0.17838054895401
0.7301587462425232,0.6190476417541504,0.1252283900976181
0.7460317611694336,0.6190476417541504,0.07843691855669022
0.761904776096344,0.6190476417541504,0.037663836032152176
0.7777777910232544,0.6190476417541504,0.0021583973430097103
0.7936508059501648,0.6190476417541504,-0.029094528406858444
0.8095238208770752,0.6190476417541504,-0.057210784405469894
0.8253968358039856,0.6190476417541504,-0.08324958384037018
0.841269850730896,0.6190476417541504,-0.10808168351650238
0.8571428656578064,0.6190476417541504,-0.13230066001415253
0.8730158805847168,0.6190476417541504,-0.1561807245016098
0.8888888955116272,0.6190476417541504,-0.17968067526817322
0.9047619104385376,0.6190476417541504,-0.20248499512672424
0.920634925365448,0.6190476417541504,-0.224069282412529
0.9365079402923584,0.6190476417541504,-0.2437770664691925
0.9523809552192688,0.6190476417541504,-0.2608955204486847
0.9682539701461792,0.6190476417541504,-0.27472177147865295
0.9841269850730896,0.6190476417541504,-0.284614235162735
1.0,0.6190476417541504,-0.2900278568267822
0.0,0.6349206566810608,-0.17879216372966766
0.01587301678955555,0.6349206566810608,-0.17680062353610992
0.0317460335791111,0.6349206566810608,-0.1694575995206833
0.0476190485060215,0.6349206566810608,-0.15683388710021973
0.0634920671582222,0.6349206566810608,-0.13905112445354462
0.0793650820851326,0.6349206566810608,-0.11628060787916183
0.095238097012043,0.6349206566810608,-0.08874168246984482
0.1111111119389534,0.6349206566810608,-0.05669980123639107
0.1269841343164444,0.6349206566810608,-0.02046365663409233
0.1428571492433548,0.6349206566810608,0.019617516547441483
0.1587301641702652,0.6349206566810608,0.06315764784812927
0.1746031790971756,0.6349206566810608,0.10973720997571945
0.190476194024086,0.6349206566810608,0.15890756249427795
0.2063492089509964,0.6349206566810608,0.210194930434227
0.2222222238779068,0.6349206566810608,0.26310524344444275
0.2380952388048172,0.6349206566810608,0.3171285092830658
0.2539682686328888,0.6349206566810608,0.3717433214187622
0.2698412835597992,0.6349206566810608,0.4264211654663086
0.2857142984867096,0.6349206566810608,0.4806307256221771
0.30158731341362,0.6349206566810608,0.5338408946990967
0.3174603283405304,0.6349206566810608,0.5855237245559692
0.3333333432674408,0.6349206566810608,0.6351555585861206
0.3492063581943512,0.6349206566810608,0.6822173595428467
0.3650793731212616,0.6349206566810608,0.7261924743652344
0.380952388048172,0.6349206566810608,0.7665628790855408
0.3968254029750824,0.6349206566810608,0.8028041124343872
0.4126984179019928,0.6349206566810608,0.8343788385391235
0.4285714328289032,0.6349206566810608,0.8607314229011536
0.4444444477558136,0.6349206566810608,0.8812851905822754
0.460317462682724,0.6349206566810608,0.8954459428787231
0.4761904776096344,0.6349206566810608,0.9026139378547668
0.4920634925365448,0.6349206566810608,0.902209997177124
0.5079365372657776,0.6349206566810608,0.8937139511108398
0.523809552192688,0.6349206566810608,0.8767199516296387
0.5396825671195984,0.6349206566810608,0.8510027527809143
0.5555555820465088,0.6349206566810608,0.8165891170501709
0.5714285969734192,0.6349206566810608,0.7738258242607117
0.5873016119003296,0.6349206566810608,0.723429262638092
0.60317462682724,0.6349206566810608,0.6665068864822388
0.6190476417541504,0.6349206566810608,0.6045368909835815
0.6349206566810608,0.6349206566810608,0.539300799369812
0.6507936716079712,0.6349206566810608,0.4727714955806732
0.6666666865348816,0.6349206566810608,0.4069637060165405
0.682539701461792,0.6349206566810608,0.34376662969589233
0.6984127163887024,0.6349206566810608,0.2847796678543091
0.7142857313156128,0.6349206566810608,0.23117688298225403
0.7301587462425232,0.6349206566810608,0.18361897766590118
0.7460317611694336,0.6349206566810608,0.14222940802574158
0.761904776096344,0.6349206566810608,0.10663486272096634
0.7777777910232544,0.6349206566810608,0.07606513798236847
0.7936508059501648,0.6349206566810608,0.04949347674846649
0.8095238208770752,0.6349206566810608,0.02579646371304989
0.8253968358039856,0.6349206566810608,0.003907632548362017
0.841269850730896,0.6349206566810608,-0.017054028809070587
0.8571428656578064,0.6349206566810608,-0.03769755735993385
0.8730158805847168,0.6349206566810608,-0.05831771343946457
0.8888888955116272,0.6349206566810608,-0.07889997959136963
0.9047619104385376,0.6349206566810608,-0.09915923327207565
0.920634925365448,0.6349206566810608,-0.1186036616563797
0.9365079402923584,0.6349206566810608,-0.1366093009710312
0.9523809552192688,0.6349206566810608,-0.15249349176883698
0.9682539701461792,0.6349206566810608,-0.1655796617269516
0.9841269850730896,0.6349206566810608,-0.17524667084217072
1.0,0.6349206566810608,-0.1809636652469635
0.0,0.6507936716079712,-0.07565011829137802
0.01587301678955555,0.6507936716079712,-0.07553867250680923
0.0317460335791111,0.6507936716079712,-0.07059931010007858
0.0476190485060215,0.6507936716079712,-0.06087973713874817
0.0634920671582222,0.6507936716079712,-0.04647339880466461
0.0793650820851326,0.6507936716079712,-0.027519283816218376
0.095238097012043,0.6507936716079712,-0.004199702758342028
0.1111111119389534,0.6507936716079712,0.02326047420501709
0.1269841343164444,0.6507936716079712,0.054596804082393646
0.1428571492433548,0.6507936716079712,0.0895073339343071
0.1587301641702652,0.6507936716079712,0.12765589356422424
0.1746031790971756,0.6507936716079712,0.16867488622665405
0.190476194024086,0.6507936716079712,0.21216937899589539
0.2063492089509964,0.6507936716079712,0.2577199637889862
0.2222222238779068,0.6507936716079712,0.30488795042037964
0.2380952388048172,0.6507936716079712,0.3532184064388275
0.2539682686328888,0.6507936716079712,0.4022444784641266
0.2698412835597992,0.6507936716079712,0.45149147510528564
0.2857142984867096,0.6507936716079712,0.5004803538322449
0.30158731341362,0.6507936716079712,0.5487304329872131
0.3174603283405304,0.6507936716079712,0.595762312412262
0.3333333432674408,0.6507936716079712,0.6410986185073853
0.3492063581943512,0.6507936716079712,0.6842637658119202
0.3650793731212616,0.6507936716079712,0.72478187084198
0.380952388048172,0.6507936716079712,0.7621732354164124
0.3968254029750824,0.6507936716079712,0.7959492802619934
0.4126984179019928,0.6507936716079712,0.8256058096885681
0.4285714328289032,0.6507936716079712,0.8506185412406921
0.4444444477558136,0.6507936716079712,0.8704400062561035
0.460317462682724,0.6507936716079712,0.8845024704933167
0.4761904776096344,0.6507936716079712,0.8922309279441833
0.4920634925365448,0.6507936716079712,0.8930655121803284
0.5079365372657776,0.6507936716079712,0.8865006566047668
0.523809552192688,0.6507936716079712,0.8721359968185425
0.5396825671195984,0.6507936716079712,0.8497405052185059
0.5555555820465088,0.6507936716079712,0.8193199038505554
0.5714285969734192,0.6507936716079712,0.7811816334724426
0.5873016119003296,0.6507936716079712,0.7359822392463684
0.60317462682724,0.6507936716079712,0.6847481727600098
0.6190476417541504,0.6507936716079712,0.6288562417030334
0.6349206566810608,0.6507936716079712,0.5699701309204102
0.6507936716079712,0.6507936716079712,0.5099347233772278
0.6666666865348816,0.6507936716079712,0.4506329894065857
0.682539701461792,0.6507936716079712,0.39382922649383545
0.6984127163887024,0.6507936716079712,0.3410114645957947
0.7142857313156128,0.6507936716079712,0.293264240026474
0.7301587462425232,0.6507936716079712,0.25118446350097656
0.7460317611694336,0.6507936716079712,0.21485963463783264
0.761904776096344,0.6507936716079712,0.18390630185604095
0.7777777910232544,0.6507936716079712,0.15756508708000183
0.7936508059501648,0.6507936716079712,0.13483469188213348
0.8095238208770752,0.6507936716079712,0.11462342739105225
0.8253968358039856,0.6507936716079712,0.09589610993862152
0.841269850730896,0.6507936716079712,0.07779572904109955
0.8571428656578064,0.6507936716079712,0.059726495295763016
0.8730158805847168,0.6507936716079712,0.0413932129740715
0.8888888955116272,0.6507936716079712,0.022797705605626106
0.9047619104385376,0.6507936716079712,0.004201618023216724
0.920634925365448,0.6507936716079712,-0.013934141024947166
0.9365079402923584,0.6507936716079712,-0.031019948422908783
0.9523809552192688,0.6507936716079712,-0.046407550573349
0.9682539701461792,0.6507936716079712,-0.059451185166835785
0.9841269850730896,0.6507936716079712,-0.06955504417419434
1.0,0.6507936716079712,-0.0762057974934578
0.0,0.6666666865348816,0.021511362865567207
0.01587301678955555,0.6666666865348816,0.019219117239117622
0.0317460335791111,0.6666666865348816,0.02125425450503826
0.0476190485060215,0.6666666865348816,0.027597252279520035
0.0634920671582222,0.6666666865348816,0.03818698227405548
0.0793650820851326,0.6666666865348816,0.052921440452337265
0.095238097012043,0.6666666865348816,0.07165882736444473
0.1111111119389534,0.6666666865348816,0.09421847760677338
0.1269841343164444,0.6666666865348816,0.12038319557905197
0.1428571492433548,0.6666666865348816,0.1499008983373642
0.1587301641702652,0.6666666865348816,0.1824873387813568
0.1746031790971756,0.6666666865348816,0.21782861649990082
0.190476194024086,0.6666666865348816,0.2555842697620392
0.2063492089509964,0.6666666865348816,0.29539042711257935
0.2222222238779068,0.6666666865348816,0.33686357736587524
0.2380952388048172,0.6666666865348816,0.3796035051345825
0.2539682686328888,0.6666666865348816,0.42319729924201965
0.2698412835597992,0.6666666865348816,0.46722257137298584
0.2857142984867096,0.6666666865348816,0.5112508535385132
0.30158731341362,0.6666666865348816,0.5548498630523682
0.3174603283405304,0.6666666865348816,0.5975860953330994
0.3333333432674408,0.6666666865348816,0.6390251517295837
0.3492063581943512,0.6666666865348816,0.6787319183349609
0.3650793731212616,0.6666666865348816,0.7162683606147766
0.380952388048172,0.6666666865348816,0.751190185546875
0.3968254029750824,0.6666666865348816,0.7830418944358826
0.4126984179019928,0.6666666865348816,0.8113511800765991
0.4285714328289032,0.6666666865348816,0.835624098777771
0.4444444477558136,0.6666666865348816,0.8553423285484314
0.460317462682724,0.6666666865348816,0.8699674010276794
0.4761904776096344,0.6666666865348816,0.8789501190185547
0.4920634925365448,0.6666666865348816,0.8817543387413025
0.5079365372657776,0.6666666865348816,0.8778916001319885
0.523809552192688,0.6666666865348816,0.8669694662094116
0.5396825671195984,0.6666666865348816,0.8487504720687866
0.5555555820465088,0.6666666865348816,0.8232153058052063
0.5714285969734192,0.6666666865348816,0.7906233668327332
0.5873016119003296,0.6666666865348816,0.751556932926178
0.60317462682724,0.6666666865348816,0.7069398164749146
0.6190476417541504,0.6666666865348816,0.6580210328102112
0.6349206566810608,0.6666666865348816,0.6063151955604553
0.6507936716079712,0.6666666865348816,0.553504467010498
0.6666666865348816,0.6666666865348816,0.501307487487793
0.682539701461792,0.6666666865348816,0.45133301615715027
0.6984127163887024,0.6666666865348816,0.404934823513031
0.7142857313156128,0.6666666865348816,0.36309346556663513
0.7301587462425232,0.6666666865348816,0.32633912563323975
0.7460317611694336,0.6666666865348816,0.2947311997413635
0.761904776096344,0.6666666865348816,0.2678941488265991
0.7777777910232544,0.6666666865348816,0.24510625004768372
0.7936508059501648,0.6666666865348816,0.22542311251163483
0.8095238208770752,0.6666666865348816,0.20781949162483215
0.8253968358039856,0.6666666865348816,0.19132469594478607
0.841269850730896,0.6666666865348816,0.17513571679592133
0.8571428656578064,0.6666666865348816,0.15869460999965668
0.8730158805847168,0.6666666865348816,0.14172455668449402
0.8888888955116272,0.6666666865348816,0.12422718852758408
0.9047619104385376,0.6666666865348816,0.10644739121198654
0.920634925365448,0.6666666865348816,0.08881783485412598
0.9365079402923584,0.6666666865348816,0.0718928873538971
0.9523809552192688,0.6666666865348816,0.056284043937921524
0.9682539701461792,0.6666666865348816,0.04260285571217537
0.9841269850730896,0.6666666865348816,0.031417109072208405
1.0,0.6666666865348816,0.023220151662826538
0.0,0.682539701461792,0.11175662279129028
0.01587301678955555,0.682539701461792,0.10656014084815979
0.0317460335791111,0.682539701461792,0.10521868616342545
0.0476190485060215,0.682539701461792,0.10774502158164978
0.0634920671582222,0.682539701461792,0.11411499232053757
0.0793650820851326,0.682539701461792,0.1242670938372612
0.095238097012043,0.682539701461792,0.13810372352600098
0.1111111119389534,0.682539701461792,0.155491441488266
0.1269841343164444,0.682539701461792,0.17626288533210754
0.1428571492433548,0.682539701461792,0.20021787285804749
0.1587301641702652,0.682539701461792,0.2271258533000946
0.1746031790971756,0.682539701461792,0.2567274272441864
0.190476194024086,0.682539701461792,0.2887376844882965
0.2063492089509964,0.682539701461792,0.3228479325771332
0.2222222238779068,0.682539701461792,0.3587295413017273
0.2380952388048172,0.682539701461792,0.39603614807128906
0.2539682686328888,0.682539701461792,0.43440738320350647
0.2698412835597992,0.682539701461792,0.47347119450569153
0.2857142984867096,0.682539701461792,0.512847363948822
0.30158731341362,0.682539701461792,0.5521491765975952
0.3174603283405304,0.682539701461792,0.5909857153892517
0.3333333432674408,0.682539701461792,0.6289622783660889
0.3492063581943512,0.682539701461792,0.6656808257102966
0.3650793731212616,0.682539701461792,0.7007371187210083
0.380952388048172,0.682539701461792,0.733718991279602
0.3968254029750824,0.682539701461792,0.7642006874084473
0.4126984179019928,0.682539701461792,0.7917392253875732
0.4285714328289032,0.682539701461792,0.8158687353134155
0.4444444477558136,0.682539701461792,0.8361001014709473
0.460317462682724,0.682539701461792,0.8519223928451538
0.4761904776096344,0.682539701461792,0.8628143072128296
0.4920634925365448,0.682539701461792,0.868263840675354
0.5079365372657776,0.682539701461792,0.8678010106086731
0.523809552192688,0.682539701461792,0.8610417246818542
0.5396825671195984,0.682539701461792,0.8477408289909363
0.5555555820465088,0.682539701461792,0.8278502821922302
0.5714285969734192,0.682539701461792,0.8015739917755127
0.5873016119003296,0.682539701461792,0.7694074511528015
0.60317462682724,0.682539701461792,0.7321562170982361
0.6190476417541504,0.682539701461792,0.690920352935791
0.6349206566810608,0.682539701461792,0.6470406651496887
0.6507936716079712,0.682539701461792,0.6020116209983826
0.6666666865348816,0.682539701461792,0.557361364364624
0.682539701461792,0.682539701461792,0.5145207643508911
0.6984127163887024,0.682539701461792,0.4746916890144348
0.7142857313156128,0.682539701461792,0.43874067068099976
0.7301587462425232,0.682539701461792,0.40712904930114746
0.7460317611694336,0.682539701461792,0.3798946440219879
0.761904776096344,0.682539701461792,0.35668471455574036
0.7777777910232544,0.682539701461792,0.33683574199676514
0.7936508059501648,0.682539701461792,0.31948626041412354
0.8095238208770752,0.682539701461792,0.3037039041519165
0.8253968358039856,0.682539701461792,0.288609117269516
0.841269850730896,0.682539701461792,0.2734772562980652
0.8571428656578064,0.682539701461792,0.2578079402446747
0.8730158805847168,0.682539701461792,0.24135857820510864
0.8888888955116272,0.682539701461792,0.22414083778858185
0.9047619104385376,0.682539701461792,0.20639008283615112
0.920634925365448,0.682539701461792,0.18851347267627716
0.9365079402923584,0.682539701461792,0.17103132605552673
0.9523809552192688,0.682539701461792,0.15451765060424805
0.9682539701461792,0.682539701461792,0.13954885303974152
0.9841269850730896,0.682539701461792,0.12666359543800354
1.0,0.682539701461792,0.11633476614952087
0.0,0.6984127163887024,0.19421634078025818
0.01587301678955555,0.6984127163887024,0.1856432557106018
0.0317460335791111,0.6984127163887024,0.18048515915870667
0.0476190485060215,0.6984127163887024,0.17879170179367065
0.0634920671582222,0.6984127163887024,0.1805792897939682
0.0793650820851326,0.6984127163887024,0.18583057820796967
0.095238097012043,0.6984127163887024,0.19449517130851746
0.1111111119389534,0.6984127163887024,0.2064894586801529
0.1269841343164444,0.6984127163887024,0.22169797122478485
0.1428571492433548,0.6984127163887024,0.2399742305278778
0.1587301641702652,0.6984127163887024,0.26114216446876526
0.1746031790971756,0.6984127163887024,0.28499794006347656
0.190476194024086,0.6984127163887024,0.31131184101104736
0.2063492089509964,0.6984127163887024,0.3398300111293793
0.2222222238779068,0.6984127163887024,0.3702777624130249
0.2380952388048172,0.6984127163887024,0.4023612439632416
0.2539682686328888,0.6984127163887024,0.4357702136039734
0.2698412835597992,0.6984127163887024,0.4701809585094452
0.2857142984867096,0.6984127163887024,0.5052583813667297
0.30158731341362,0.6984127163887024,0.5406580567359924
0.3174603283405304,0.6984127163887024,0.5760281682014465
0.3333333432674408,0.6984127163887024,0.6110097765922546
0.3492063581943512,0.6984127163887024,0.645237386226654
0.3650793731212616,0.6984127163887024,0.6783368587493896
0.380952388048172,0.6984127163887024,0.7099233269691467
0.3968254029750824,0.6984127163887024,0.7395975589752197
0.4126984179019928,0.6984127163887024,0.7669414281845093
0.4285714328289032,0.6984127163887024,0.7915149927139282
0.4444444477558136,0.6984127163887024,0.8128543496131897
0.460317462682724,0.6984127163887024,0.8304753303527832
0.4761904776096344,0.6984127163887024,0.843882143497467
0.4920634925365448,0.6984127163887024,0.8525863885879517
0.5079365372657776,0.6984127163887024,0.8561358451843262
0.523809552192688,0.6984127163887024,0.8541527986526489
0.5396825671195984,0.6984127163887024,0.846382737159729
0.5555555820465088,0.6984127163887024,0.8327448964118958
0.5714285969734192,0.6984127163887024,0.8133813738822937
0.5873016119003296,0.6984127163887024,0.7886929512023926
0.60317462682724,0.6984127163887024,0.7593550682067871
0.6190476417541504,0.6984127163887024,0.7263045310974121
0.6349206566810608,0.6984127163887024,0.690693199634552
0.6507936716079712,0.6984127163887024,0.6538101434707642
0.6666666865348816,0.6984127163887024,0.6169772148132324
0.682539701461792,0.6984127163887024,0.5814324617385864
0.6984127163887024,0.6984127163887024,0.5482153296470642
0.7142857313156128,0.6984127163887024,0.5180721282958984
0.7301587462425232,0.6984127163887024,0.49139463901519775
0.7460317611694336,0.6984127163887024,0.4682045578956604
0.761904776096344,0.6984127163887024,0.44818204641342163
0.7777777910232544,0.6984127163887024,0.4307368993759155
0.7936508059501648,0.6984127163887024,0.4151073694229126
0.8095238208770752,0.6984127163887024,0.40047377347946167
0.8253968358039856,0.6984127163887024,0.3860659897327423
0.841269850730896,0.6984127163887024,0.371254563331604
0.8571428656578064,0.6984127163887024,0.3556117117404938
0.8730158805847168,0.6984127163887024,0.3389405906200409
0.8888888955116272,0.6984127163887024,0.32127243280410767
0.9047619104385376,0.6984127163887024,0.3028385043144226
0.920634925365448,0.6984127163887024,0.28402504324913025
0.9365079402923584,0.6984127163887024,0.2653205096721649
0.9523809552192688,0.6984127163887024,0.24726340174674988
0.9682539701461792,0.6984127163887024,0.23039597272872925
0.9841269850730896,0.6984127163887024,0.21522900462150574
1.0,0.6984127163887024,0.20221656560897827
0.0,0.7142857313156128,0.2680966854095459
0.01587301678955555,0.7142857313156128,0.25570690631866455
0.0317460335791111,0.7142857313156128,0.24632900953292847
0.0476190485060215,0.7142857313156128,0.2400531768798828
0.0634920671582222,0.7142857313156128,0.2369399070739746
0.0793650820851326,0.7142857313156128,0.2370191365480423
0.095238097012043,0.7142857313156128,0.24029026925563812
0.1111111119389534,0.7142857313156128,0.2467215657234192
0.1269841343164444,0.7142857313156128,0.2562512755393982
0.1428571492433548,0.7142857313156128,0.2687873840332031
0.1587301641702652,0.7142857313156128,0.28420940041542053
0.1746031790971756,0.7142857313156128,0.3023686110973358
0.190476194024086,0.7142857313156128,0.32309022545814514
0.2063492089509964,0.7142857313156128,0.34617429971694946
0.2222222238779068,0.7142857313156128,0.37139853835105896
0.2380952388048172,0.7142857313156128,0.3985193073749542
0.2539682686328888,0.7142857313156128,0.42727455496788025
0.2698412835597992,0.7142857313156128,0.45738548040390015
0.2857142984867096,0.7142857313156128,0.4885590076446533
0.30158731341362,0.7142857313156128,0.5204890966415405
0.3174603283405304,0.7142857313156128,0.5528589487075806
0.3333333432674408,0.7142857313156128,0.5853410959243774
0.3492063581943512,0.7142857313156128,0.6175979375839233
0.3650793731212616,0.7142857313156128,0.6492805480957031
0.380952388048172,0.7142857313156128,0.6800268888473511
0.3968254029750824,0.7142857313156128,0.7094589471817017
0.4126984179019928,0.7142857313156128,0.737179160118103
0.4285714328289032,0.7142857313156128,0.7627686858177185
0.4444444477558136,0.7142857313156128,0.7857849597930908
0.460317462682724,0.7142857313156128,0.8057663440704346
0.4761904776096344,0.7142857313156128,0.8222392797470093
0.4920634925365448,0.7142857313156128,0.8347361087799072
0.5079365372657776,0.7142857313156128,0.8428183794021606
0.523809552192688,0.7142857313156128,0.8461125493049622
0.5396825671195984,0.7142857313156128,0.844351053237915
0.5555555820465088,0.7142857313156128,0.8374170064926147
0.5714285969734192,0.7142857313156128,0.825386106967926
0.5873016119003296,0.7142857313156128,0.8085594177246094
0.60317462682724,0.7142857313156128,0.7874754667282104
0.6190476417541504,0.7142857313156128,0.7629013061523438
0.6349206566810608,0.7142857313156128,0.7357921004295349
0.6507936716079712,0.7142857313156128,0.707223653793335
0.6666666865348816,0.7142857313156128,0.6783042550086975
0.682539701461792,0.7142857313156128,0.6500734686851501
0.6984127163887024,0.7142857313156128,0.623403787612915
0.7142857313156128,0.7142857313156128,0.598919689655304
0.7301587462425232,0.7142857313156128,0.5769441723823547
0.7460317611694336,0.7142857313156128,0.5574864149093628
0.761904776096344,0.7142857313156128,0.5402654409408569
0.7777777910232544,0.7142857313156128,0.5247726440429688
0.7936508059501648,0.7142857313156128,0.5103561878204346
0.8095238208770752,0.7142857313156128,0.4963187575340271
0.8253968358039856,0.7142857313156128,0.48201072216033936
0.841269850730896,0.7142857313156128,0.4669078588485718
0.8571428656578064,0.7142857313156128,0.4506641626358032
0.8730158805847168,0.7142857313156128,0.4331366717815399
0.8888888955116272,0.7142857313156128,0.4143826961517334
0.9047619104385376,0.7142857313156128,0.3946356177330017
0.920634925365448,0.7142857313156128,0.3742653429508209
0.9365079402923584,0.7142857313156128,0.3537328541278839
0.9523809552192688,0.7142857313156128,0.33354452252388
0.9682539701461792,0.7142857313156128,0.3142123520374298
0.9841269850730896,0.7142857313156128,0.29622262716293335
1.0,0.7142857313156128,0.28001388907432556
0.0,0.7301587462425232,0.3326858878135681
0.01587301678955555,0.7301587462425232,0.3160763084888458
0.0317460335791111,0.7301587462425232,0.3021160066127777
0.0476190485060215,0.7301587462425232,0.2909393012523651
0.0634920671582222,0.7301587462425232,0.2826539874076843
0.0793650820851326,0.7301587462425232,0.27733972668647766
0.095238097012043,0.7301587462425232,0.27504783868789673
0.1111111119389534,0.7301587462425232,0.27580031752586365
0.1269841343164444,0.7301587462425232,0.27958983182907104
0.1428571492433548,0.7301587462425232,0.28637993335723877
0.1587301641702652,0.7301587462425232,0.2961053252220154
0.1746031790971756,0.7301587462425232,0.3086721897125244
0.190476194024086,0.7301587462425232,0.3239595890045166
0.2063492089509964,0.7301587462425232,0.34181997179985046
0.2222222238779068,0.7301587462425232,0.36208128929138184
0.2380952388048172,0.7301587462425232,0.3845479488372803
0.2539682686328888,0.7301587462425232,0.40900272130966187
0.2698412835597992,0.7301587462425232,0.43520861864089966
0.2857142984867096,0.7301587462425232,0.46291056275367737
0.30158731341362,0.7301587462425232,0.4918369948863983
0.3174603283405304,0.7301587462425232,0.5217013955116272
0.3333333432674408,0.7301587462425232,0.5522028803825378
0.3492063581943512,0.7301587462425232,0.5830271244049072
0.3650793731212616,0.7301587462425232,0.6138448715209961
0.380952388048172,0.7301587462425232,0.6443115472793579
0.3968254029750824,0.7301587462425232,0.6740649342536926
0.4126984179019928,0.7301587462425232,0.702722430229187
0.4285714328289032,0.7301587462425232,0.7298803329467773
0.4444444477558136,0.7301587462425232,0.7551121115684509
0.460317462682724,0.7301587462425232,0.7779731154441833
0.4761904776096344,0.7301587462425232,0.7980071902275085
0.4920634925365448,0.7301587462425232,0.8147607445716858
0.5079365372657776,0.7301587462425232,0.8278053998947144
0.523809552192688,0.7301587462425232,0.8367670178413391
0.5396825671195984,0.7301587462425232,0.8413607478141785
0.5555555820465088,0.7301587462425232,0.8414298295974731
0.5714285969734192,0.7301587462425232,0.8369813561439514
0.5873016119003296,0.7301587462425232,0.8282132744789124
0.60317462682724,0.7301587462425232,0.8155272006988525
0.6190476417541504,0.7301587462425232,0.7995195388793945
0.6349206566810608,0.7301587462425232,0.7809480428695679
0.6507936716079712,0.7301587462425232,0.7606772184371948
0.6666666865348816,0.7301587462425232,0.7396025061607361
0.682539701461792,0.7301587462425232,0.7185669541358948
0.6984127163887024,0.7301587462425232,0.6982783079147339
0.7142857313156128,0.7301587462425232,0.6792405843734741
0.7301587462425232,0.7301587462425232,0.6617110371589661
0.7460317611694336,0.7301587462425232,0.6456876993179321
0.761904776096344,0.7301587462425232,0.6309316754341125
0.7777777910232544,0.7301587462425232,0.6170175075531006
0.7936508059501648,0.7301587462425232,0.6034058928489685
0.8095238208770752,0.7301587462425232,0.5895246267318726
0.8253968358039856,0.7301587462425232,0.5748475193977356
0.841269850730896,0.7301587462425232,0.5589593648910522
0.8571428656578064,0.7301587462425232,0.5415998101234436
0.8730158805847168,0.7301587462425232,0.5226843357086182
0.8888888955116272,0.7301587462425232,0.5023015141487122
0.9047619104385376,0.7301587462425232,0.48069167137145996
0.920634925365448,0.7301587462425232,0.4582144320011139
0.9365079402923584,0.7301587462425232,0.43530866503715515
0.9523809552192688,0.7301587462425232,0.41245460510253906
0.9682539701461792,0.7301587462425232,0.3901393413543701
0.9841269850730896,0.7301587462425232,0.3688301146030426
1.0,0.7301587462425232,0.34895527362823486
0.0,0.7460317611694336,0.3873620927333832
0.01587301678955555,0.7460317611694336,0.36617010831832886
0.0317460335791111,0.7460317611694336,0.3473089635372162
0.0476190485060215,0.7460317611694336,0.3309601843357086
0.0634920671582222,0.7460317611694336,0.3172813951969147
0.0793650820851326,0.7460317611694336,0.30640411376953125
0.095238097012043,0.7460317611694336,0.298433393239975
0.1111111119389534,0.7460317611694336,0.2934456765651703
0.1269841343164444,0.7460317611694336,0.2914891839027405
0.1428571492433548,0.7460317611694336,0.2925826609134674
0.1587301641702652,0.7460317611694336,0.2967156171798706
0.1746031790971756,0.7460317611694336,0.3038482367992401
0.190476194024086,0.7460317611694336,0.31391188502311707
0.2063492089509964,0.7460317611694336,0.32680925726890564
0.2222222238779068,0.7460317611694336,0.3424162268638611
0.2380952388048172,0.7460317611694336,0.36058205366134644
0.2539682686328888,0.7460317611694336,0.3811311423778534
0.2698412835597992,0.7460317611694336,0.4038642644882202
0.2857142984867096,0.7460317611694336,0.42856040596961975
0.30158731341362,0.7460317611694336,0.45497772097587585
0.3174603283405304,0.7460317611694336,0.4828553795814514
0.3333333432674408,0.7460317611694336,0.5119139552116394
0.3492063581943512,0.7460317611694336,0.5418565273284912
0.3650793731212616,0.7460317611694336,0.5723685026168823
0.380952388048172,0.7460317611694336,0.603116512298584
0.3968254029750824,0.7460317611694336,0.6337481141090393
0.4126984179019928,0.7460317611694336,0.6638895869255066
0.4285714328289032,0.7460317611694336,0.6931455135345459
0.4444444477558136,0.7460317611694336,0.7210992574691772
0.460317462682724,0.7460317611694336,0.7473158836364746
0.4761904776096344,0.7460317611694336,0.7713490128517151
0.4920634925365448,0.7460317611694336,0.7927536368370056
0.5079365372657776,0.7460317611694336,0.8111044764518738
0.523809552192688,0.7460317611694336,0.8260206580162048
0.5396825671195984,0.7460317611694336,0.837195873260498
0.5555555820465088,0.7460317611694336,0.844430148601532
0.5714285969734192,0.7460317611694336,0.8476598858833313
0.5873016119003296,0.7460317611694336,0.8469815850257874
0.60317462682724,0.7460317611694336,0.8426619172096252
0.6190476417541504,0.7460317611694336,0.8351315855979919
0.6349206566810608,0.7460317611694336,0.824958324432373
0.6507936716079712,0.7460317611694336,0.8128030896186829
0.6666666865348816,0.7460317611694336,0.7993570566177368
0.682539701461792,0.7460317611694336,0.7852754592895508
0.6984127163887024,0.7460317611694336,0.7711077928543091
0.7142857313156128,0.7460317611694336,0.7572445273399353
0.7301587462425232,0.7460317611694336,0.7438790202140808
0.7460317611694336,0.7460317611694336,0.7310004234313965
0.761904776096344,0.7460317611694336,0.7184098958969116
0.7777777910232544,0.7460317611694336,0.7057629823684692
0.7936508059501648,0.7460317611694336,0.6926289200782776
0.8095238208770752,0.7460317611694336,0.678557276725769
0.8253968358039856,0.7460317611694336,0.6631418466567993
0.841269850730896,0.7460317611694336,0.646074652671814
0.8571428656578064,0.7460317611694336,0.6271806955337524
0.8730158805847168,0.7460317611694336,0.6064355969429016
0.8888888955116272,0.7460317611694336,0.5839619040489197
0.9047619104385376,0.7460317611694336,0.5600126385688782
0.920634925365448,0.7460317611694336,0.5349425673484802
0.9365079402923584,0.7460317611694336,0.5091756582260132
0.9523809552192688,0.7460317611694336,0.4831731617450714
0.9682539701461792,0.7460317611694336,0.4574044346809387
0.9841269850730896,0.7460317611694336,0.4323248863220215
1.0,0.7460317611694336,0.40835896134376526
0.0,0.761904776096344,0.4315986633300781
0.01587301678955555,0.761904776096344,0.40550583600997925
0.0317460335791111,0.761904776096344,0.3814726173877716
0.0476190485060215,0.761904776096344,0.3597303628921509
0.0634920671582222,0.761904776096344,0.3404885232448578
0.0793650820851326,0.761904776096344,0.323932409286499
0.095238097012043,0.761904776096344,0.31022149324417114
0.1111111119389534,0.761904776096344,0.29948773980140686
0.1269841343164444,0.761904776096344,0.29183462262153625
0.1428571492433548,0.761904776096344,0.28733566403388977
0.1587301641702652,0.761904776096344,0.28603440523147583
0.1746031790971756,0.761904776096344,0.2879432141780853
0.190476194024086,0.761904776096344,0.2930437922477722
0.2063492089509964,0.761904776096344,0.3012867569923401
0.2222222238779068,0.761904776096344,0.3125927150249481
0.2380952388048172,0.761904776096344,0.3268525004386902
0.2539682686328888,0.761904776096344,0.3439282178878784
0.2698412835597992,0.761904776096344,0.3636544346809387
0.2857142984867096,0.761904776096344,0.38583940267562866
0.30158731341362,0.761904776096344,0.41026630997657776
0.3174603283405304,0.761904776096344,0.4366947412490845
0.3333333432674408,0.761904776096344,0.4648614525794983
0.3492063581943512,0.761904776096344,0.49448153376579285
0.3650793731212616,0.761904776096344,0.525248646736145
0.380952388048172,0.761904776096344,0.556834876537323
0.3968254029750824,0.761904776096344,0.5888910293579102
0.4126984179019928,0.761904776096344,0.6210451126098633
0.4285714328289032,0.761904776096344,0.6529034376144409
0.4444444477558136,0.761904776096344,0.6840512156486511
0.460317462682724,0.761904776096344,0.714055597782135
0.4761904776096344,0.761904776096344,0.7424724698066711
0.4920634925365448,0.761904776096344,0.7688573598861694
0.5079365372657776,0.761904776096344,0.7927802801132202
0.523809552192688,0.761904776096344,0.813847541809082
0.5396825671195984,0.761904776096344,0.8317260146141052
0.5555555820465088,0.761904776096344,0.8461694121360779
0.5714285969734192,0.761904776096344,0.8570438623428345
0.5873016119003296,0.761904776096344,0.8643465638160706
0.60317462682724,0.761904776096344,0.8682156801223755
0.6190476417541504,0.761904776096344,0.8689249753952026
0.6349206566810608,0.761904776096344,0.8668650984764099
0.6507936716079712,0.761904776096344,0.8625057339668274
0.6666666865348816,0.761904776096344,0.8563494682312012
0.682539701461792,0.761904776096344,0.848875880241394
0.6984127163887024,0.761904776096344,0.8404890298843384
0.7142857313156128,0.761904776096344,0.8314725160598755
0.7301587462425232,0.761904776096344,0.8219615817070007
0.7460317611694336,0.761904776096344,0.8119357228279114
0.761904776096344,0.761904776096344,0.8012330532073975
0.7777777910232544,0.761904776096344,0.7895838022232056
0.7936508059501648,0.761904776096344,0.7766574025154114
0.8095238208770752,0.761904776096344,0.7621166706085205
0.8253968358039856,0.761904776096344,0.7456676959991455
0.841269850730896,0.761904776096344,0.7271034717559814
0.8571428656578064,0.761904776096344,0.7063309550285339
0.8730158805847168,0.761904776096344,0.6833847761154175
0.8888888955116272,0.761904776096344,0.6584246158599854
0.9047619104385376,0.761904776096344,0.6317195892333984
0.920634925365448,0.761904776096344,0.603626549243927
0.9365079402923584,0.761904776096344,0.5745621919631958
0.9523809552192688,0.761904776096344,0.5449768900871277
0.9682539701461792,0.761904776096344,0.5153312087059021
0.9841269850730896,0.761904776096344,0.4860762357711792
1.0,0.761904776096344,0.45764049887657166
0.0,0.7777777910232544,0.46496957540512085
0.01587301678955555,0.7777777910232544,0.433704674243927
0.0317460335791111,0.7777777910232544,0.4042779803276062
0.0476190485060215,0.7777777910232544,0.3769727051258087
0.0634920671582222,0.7777777910232544,0.3520520031452179
0.0793650820851326,0.7777777910232544,0.3297556936740875
0.095238097012043,0.7777777910232544,0.31029874086380005
0.1111111119389534,0.7777777910232544,0.29386836290359497
0.1269841343164444,0.7777777910232544,0.28062281012535095
0.1428571492433548,0.7777777910232544,0.27068963646888733
0.1587301641702652,0.7777777910232544,0.2641645073890686
0.1746031790971756,0.7777777910232544,0.26111024618148804
0.190476194024086,0.7777777910232544,0.26155635714530945
0.2063492089509964,0.7777777910232544,0.26549822092056274
0.2222222238779068,0.7777777910232544,0.27289801836013794
0.2380952388048172,0.7777777910232544,0.2836841940879822
0.2539682686328888,0.7777777910232544,0.29775235056877136
0.2698412835597992,0.7777777910232544,0.3149662911891937
0.2857142984867096,0.7777777910232544,0.33515894412994385
0.30158731341362,0.7777777910232544,0.3581331968307495
0.3174603283405304,0.7777777910232544,0.38366392254829407
0.3333333432674408,0.7777777910232544,0.4114983081817627
0.3492063581943512,0.7777777910232544,0.44135773181915283
0.3650793731212616,0.7777777910232544,0.47293806076049805
0.380952388048172,0.7777777910232544,0.5059105753898621
0.3968254029750824,0.7777777910232544,0.539922297000885
0.4126984179019928,0.7777777910232544,0.5745965838432312
0.4285714328289032,0.7777777910232544,0.6095336675643921
0.4444444477558136,0.7777777910232544,0.6443126797676086
0.460317462682724,0.7777777910232544,0.6784948706626892
0.4761904776096344,0.7777777910232544,0.7116298675537109
0.4920634925365448,0.7777777910232544,0.7432647943496704
0.5079365372657776,0.7777777910232544,0.7729578614234924
0.523809552192688,0.7777777910232544,0.8002955913543701
0.5396825671195984,0.7777777910232544,0.8249126076698303
0.5555555820465088,0.7777777910232544,0.8465140461921692
0.5714285969734192,0.7777777910232544,0.8648959994316101
0.5873016119003296,0.7777777910232544,0.8799609541893005
0.60317462682724,0.7777777910232544,0.8917266726493835
0.6190476417541504,0.7777777910232544,0.9003235101699829
0.6349206566810608,0.7777777910232544,0.9059784412384033
0.6507936716079712,0.7777777910232544,0.908989429473877
0.6666666865348816,0.7777777910232544,0.9096865057945251
0.682539701461792,0.7777777910232544,0.9083923101425171
0.6984127163887024,0.7777777910232544,0.9053779244422913
0.7142857313156128,0.7777777910232544,0.9008315801620483
0.7301587462425232,0.7777777910232544,0.8948344588279724
0.7460317611694336,0.7777777910232544,0.8873570561408997
0.761904776096344,0.7777777910232544,0.8782691955566406
0.7777777910232544,0.7777777910232544,0.8673670887947083
0.7936508059501648,0.7777777910232544,0.8544098138809204
0.8095238208770752,0.7777777910232544,0.8391611576080322
0.8253968358039856,0.7777777910232544,0.8214290738105774
0.841269850730896,0.7777777910232544,0.8010987639427185
0.8571428656578064,0.7777777910232544,0.7781534194946289
0.8730158805847168,0.7777777910232544,0.7526849508285522
0.8888888955116272,0.7777777910232544,0.7248904705047607
0.9047619104385376,0.7777777910232544,0.6950603723526001
0.920634925365448,0.7777777910232544,0.6635597348213196
0.9365079402923584,0.7777777910232544,0.6308059692382812
0.9523809552192688,0.7777777910232544,0.5972480773925781
0.9682539701461792,0.7777777910232544,0.5633461475372314
0.9841269850730896,0.7777777910232544,0.5295562744140625
1.0,0.7777777910232544,0.4963185489177704
0.0,0.7936508059501648,0.48715344071388245
0.01587301678955555,0.7936508059501648,0.45049506425857544
0.0317460335791111,0.7936508059501648,0.4155053198337555
0.0476190485060215,0.7936508059501648,0.38252121210098267
0.0634920671582222,0.7936508059501648,0.351860374212265
0.0793650820851326,0.7936508059501648,0.32381802797317505
0.095238097012043,0.7936508059501648,0.2986644506454468
0.1111111119389534,0.7936508059501648,0.2766416370868683
0.1269841343164444,0.7936508059501648,0.25796183943748474
0.1428571492433548,0.7936508059501648,0.24280479550361633
0.1587301641702652,0.7936508059501648,0.23131659626960754
0.1746031790971756,0.7936508059501648,0.22360780835151672
0.190476194024086,0.7936508059501648,0.21975281834602356
0.2063492089509964,0.7936508059501648,0.21978843212127686
0.2222222238779068,0.7936508059501648,0.2237144112586975
0.2380952388048172,0.7936508059501648,0.23149274289608002
0.2539682686328888,0.7936508059501648,0.24304816126823425
0.2698412835597992,0.7936508059501648,0.258268803358078
0.2857142984867096,0.7936508059501648,0.2770070433616638
0.30158731341362,0.7936508059501648,0.2990805506706238
0.3174603283405304,0.7936508059501648,0.3242736756801605
0.3333333432674408,0.7936508059501648,0.3523384630680084
0.3492063581943512,0.7936508059501648,0.38299670815467834
0.3650793731212616,0.7936508059501648,0.4159403443336487
0.380952388048172,0.7936508059501648,0.4508335590362549
0.3968254029750824,0.7936508059501648,0.48731327056884766
0.4126984179019928,0.7936508059501648,0.5249904990196228
0.4285714328289032,0.7936508059501648,0.5634524822235107
0.4444444477558136,0.7936508059501648,0.6022641658782959
0.460317462682724,0.7936508059501648,0.6409728527069092
0.4761904776096344,0.7936508059501648,0.6791130900382996
0.4920634925365448,0.7936508059501648,0.7162157297134399
0.5079365372657776,0.7936508059501648,0.7518189549446106
0.523809552192688,0.7936508059501648,0.7854822874069214
0.5396825671195984,0.7936508059501648,0.816804051399231
0.5555555820465088,0.7936508059501648,0.8454384207725525
0.5714285969734192,0.7936508059501648,0.8711127042770386
0.5873016119003296,0.7936508059501648,0.8936402201652527
0.60317462682724,0.7936508059501648,0.9129284024238586
0.6190476417541504,0.7936508059501648,0.9289770722389221
0.6349206566810608,0.7936508059501648,0.9418683052062988
0.6507936716079712,0.7936508059501648,0.9517461657524109
0.6666666865348816,0.7936508059501648,0.9587899446487427
0.682539701461792,0.7936508059501648,0.963182270526886
0.6984127163887024,0.7936508059501648,0.9650787711143494
0.7142857313156128,0.7936508059501648,0.9645821452140808
0.7301587462425232,0.7936508059501648,0.9617258906364441
0.7460317611694336,0.7936508059501648,0.9564709067344666
0.761904776096344,0.7936508059501648,0.9487135410308838
0.7777777910232544,0.7936508059501648,0.9383065104484558
0.7936508059501648,0.7936508059501648,0.9250860214233398
0.8095238208770752,0.7936508059501648,0.9089041948318481
0.8253968358039856,0.7936508059501648,0.8896586298942566
0.841269850730896,0.7936508059501648,0.8673163652420044
0.8571428656578064,0.7936508059501648,0.8419309854507446
0.8730158805847168,0.7936508059501648,0.8136483430862427
0.8888888955116272,0.7936508059501648,0.7827039957046509
0.9047619104385376,0.7936508059501648,0.7494134306907654
0.920634925365448,0.7936508059501648,0.7141563296318054
0.9365079402923584,0.7936508059501648,0.6773595809936523
0.9523809552192688,0.7936508059501648,0.6394789814949036
0.9682539701461792,0.7936508059501648,0.6009840369224548
0.9841269850730896,0.7936508059501648,0.5623444318771362
1.0,0.7936508059501648,0.5240194201469421
0.0,0.8095238208770752,0.4979367256164551
0.01587301678955555,0.8095238208770752,0.4557153284549713
0.0317460335791111,0.8095238208770752,0.415046751499176
0.0476190485060215,0.8095238208770752,0.3763224482536316
0.0634920671582222,0.8095238208770752,0.33991554379463196
0.0793650820851326,0.8095238208770752,0.3061765730381012
0.095238097012043,0.8095238208770752,0.2754305601119995
0.1111111119389534,0.8095238208770752,0.2479734867811203
0.1269841343164444,0.8095238208770752,0.22406984865665436
0.1428571492433548,0.8095238208770752,0.2039497047662735
0.1587301641702652,0.8095238208770752,0.18780703842639923
0.1746031790971756,0.8095238208770752,0.17579714953899384
0.190476194024086,0.8095238208770752,0.1680358499288559
0.2063492089509964,0.8095238208770752,0.16459758579730988
0.2222222238779068,0.8095238208770752,0.16551563143730164
0.2380952388048172,0.8095238208770752,0.1707809716463089
0.2539682686328888,0.8095238208770752,0.1803426295518875
0.2698412835597992,0.8095238208770752,0.1941080242395401
0.2857142984867096,0.8095238208770752,0.21194396913051605
0.30158731341362,0.8095238208770752,0.23367708921432495
0.3174603283405304,0.8095238208770752,0.2590959966182709
0.3333333432674408,0.8095238208770752,0.28795182704925537
0.3492063581943512,0.8095238208770752,0.31996074318885803
0.3650793731212616,0.8095238208770752,0.3548051118850708
0.380952388048172,0.8095238208770752,0.392135351896286
0.3968254029750824,0.8095238208770752,0.4315720200538635
0.4126984179019928,0.8095238208770752,0.4727070927619934
0.4285714328289032,0.8095238208770752,0.5151073932647705
0.4444444477558136,0.8095238208770752,0.5583165287971497
0.460317462682724,0.8095238208770752,0.601859450340271
0.4761904776096344,0.8095238208770752,0.6452479362487793
0.4920634925365448,0.8095238208770752,0.6879886984825134
0.5079365372657776,0.8095238208770752,0.7295917272567749
0.523809552192688,0.8095238208770752,0.7695841193199158
0.5396825671195984,0.8095238208770752,0.8075228333473206
0.5555555820465088,0.8095238208770752,0.8430100083351135
0.5714285969734192,0.8095238208770752,0.8757055997848511
0.5873016119003296,0.8095238208770752,0.9053404927253723
0.60317462682724,0.8095238208770752,0.9317212104797363
0.6190476417541504,0.8095238208770752,0.9547322392463684
0.6349206566810608,0.8095238208770752,0.974327802658081
0.6507936716079712,0.8095238208770752,0.9905190467834473
0.6666666865348816,0.8095238208770752,1.0033540725708008
0.682539701461792,0.8095238208770752,1.0128958225250244
0.6984127163887024,0.8095238208770752,1.0191994905471802
0.7142857313156128,0.8095238208770752,1.0222947597503662
0.7301587462425232,0.8095238208770752,1.0221728086471558
0.7460317611694336,0.8095238208770752,1.0187853574752808
0.761904776096344,0.8095238208770752,1.0120503902435303
0.7777777910232544,0.8095238208770752,1.0018671751022339
0.7936508059501648,0.8095238208770752,0.9881378412246704
0.8095238208770752,0.8095238208770752,0.9707895517349243
0.8253968358039856,0.8095238208770752,0.9497969746589661
0.841269850730896,0.8095238208770752,0.9251999855041504
0.8571428656578064,0.8095238208770752,0.8971152901649475
0.8730158805847168,0.8095238208770752,0.8657397627830505
0.8888888955116272,0.8095238208770752,0.8313484191894531
0.9047619104385376,0.8095238208770752,0.7942851781845093
0.920634925365448,0.8095238208770752,0.7549512386322021
0.9365079402923584,0.8095238208770752,0.7137901782989502
0.9523809552192688,0.8095238208770752,0.6712740063667297
0.9682539701461792,0.8095238208770752,0.6278901100158691
0.9841269850730896,0.8095238208770752,0.5841298699378967
1.0,0.8095238208770752,0.5404795408248901
0.0,0.8253968358039856,0.4972153902053833
0.01587301678955555,0.8253968358039856,0.4493151307106018
0.0317460335791111,0.8253968358039856,0.4029063582420349
0.0476190485060215,0.8253968358039856,0.3584360182285309
0.0634920671582222,0.8253968358039856,0.31633248925209045
0.0793650820851326,0.8253968358039856,0.2770010828971863
0.095238097012043,0.8253968358039856,0.24082081019878387
0.1111111119389534,0.8253968358039856,0.20813991129398346
0.1269841343164444,0.8253968358039856,0.17927315831184387
0.1428571492433548,0.8253968358039856,0.15449854731559753
0.1587301641702652,0.8253968358039856,0.1340547353029251
0.1746031790971756,0.8253968358039856,0.11813854426145554
0.190476194024086,0.8253968358039856,0.10690336674451828
0.2063492089509964,0.8253968358039856,0.10045712441205978
0.2222222238779068,0.8253968358039856,0.09886208176612854
0.2380952388048172,0.8253968358039856,0.10213346034288406
0.2539682686328888,0.8253968358039856,0.11023949086666107
0.2698412835597992,0.8253968358039856,0.1231018677353859
0.2857142984867096,0.8253968358039856,0.14059613645076752
0.30158731341362,0.8253968358039856,0.16255280375480652
0.3174603283405304,0.8253968358039856,0.1887587606906891
0.3333333432674408,0.8253968358039856,0.2189587652683258
0.3492063581943512,0.8253968358039856,0.25285765528678894
0.3650793731212616,0.8253968358039856,0.29012206196784973
0.380952388048172,0.8253968358039856,0.3303830623626709
0.3968254029750824,0.8253968358039856,0.37323829531669617
0.4126984179019928,0.8253968358039856,0.4182547628879547
0.4285714328289032,0.8253968358039856,0.4649718403816223
0.4444444477558136,0.8253968358039856,0.5129047632217407
0.460317462682724,0.8253968358039856,0.561549186706543
0.4761904776096344,0.8253968358039856,0.6103867292404175
0.4920634925365448,0.8253968358039856,0.6588917970657349
0.5079365372657776,0.8253968358039856,0.7065407633781433
0.523809552192688,0.8253968358039856,0.75282222032547
0.5396825671195984,0.8253968358039856,0.7972484230995178
0.5555555820465088,0.8253968358039856,0.8393675684928894
0.5714285969734192,0.8253968358039856,0.8787758350372314
0.5873016119003296,0.8253968358039856,0.9151263236999512
0.60317462682724,0.8253968358039856,0.9481363296508789
0.6190476417541504,0.8253968358039856,0.9775881171226501
0.6349206566810608,0.8253968358039856,1.0033260583877563
0.6507936716079712,0.8253968358039856,1.0252472162246704
0.6666666865348816,0.8253968358039856,1.0432887077331543
0.682539701461792,0.8253968358039856,1.0574123859405518
0.6984127163887024,0.8253968358039856,1.0675890445709229
0.7142857313156128,0.8253968358039856,1.0737860202789307
0.7301587462425232,0.8253968358039856,1.0759592056274414
0.7460317611694336,0.8253968358039856,1.0740517377853394
0.761904776096344,0.8253968358039856,1.0679985284805298
0.7777777910232544,0.8253968358039856,1.0577380657196045
0.7936508059501648,0.8253968358039856,1.0432261228561401
0.8095238208770752,0.8253968358039856,1.0244542360305786
0.8253968358039856,0.8253968358039856,1.0014629364013672
0.841269850730896,0.8253968358039856,0.9743560552597046
0.8571428656578064,0.8253968358039856,0.9433071613311768
0.8730158805847168,0.8253968358039856,0.908562183380127
0.8888888955116272,0.8253968358039856,0.8704355955123901
0.9047619104385376,0.8253968358039856,0.8293040990829468
0.920634925365448,0.8253968358039856,0.785595715045929
0.9365079402923584,0.8253968358039856,0.7397786378860474
0.9523809552192688,0.8253968358039856,0.6923490762710571
0.9682539701461792,0.8253968358039856,0.6438201665878296
0.9841269850730896,0.8253968358039856,0.5947127342224121
1.0,0.8253968358039856,0.5455469489097595
0.0,0.841269850730896,0.48499658703804016
0.01587301678955555,0.841269850730896,0.43135616183280945
0.0317460335791111,0.841269850730896,0.37920135259628296
0.0476190485060215,0.841269850730896,0.32903438806533813
0.0634920671582222,0.841269850730896,0.2813384234905243
0.0793650820851326,0.841269850730896,0.2365727573633194
0.095238097012043,0.841269850730896,0.1951686590909958
0.1111111119389534,0.841269850730896,0.15752464532852173
0.1269841343164444,0.841269850730896,0.12400341778993607
0.1428571492433548,0.841269850730896,0.09492765367031097
0.1587301641702652,0.841269850730896,0.07057754695415497
0.1746031790971756,0.841269850730896,0.051187463104724884
0.190476194024086,0.841269850730896,0.03694424778223038
0.2063492089509964,0.841269850730896,0.027984879910945892
0.2222222238779068,0.841269850730896,0.02439579740166664
0.2380952388048172,0.841269850730896,0.026211384683847427
0.2539682686328888,0.841269850730896,0.0334140881896019
0.2698412835597992,0.841269850730896,0.045934226363897324
0.2857142984867096,0.841269850730896,0.06365098059177399
0.30158731341362,0.841269850730896,0.0863928496837616
0.3174603283405304,0.841269850730896,0.11393976956605911
0.3333333432674408,0.841269850730896,0.14602433145046234
0.3492063581943512,0.841269850730896,0.18233446776866913
0.3650793731212616,0.841269850730896,0.22251571714878082
0.380952388048172,0.841269850730896,0.2661738395690918
0.3968254029750824,0.841269850730896,0.31287819147109985
0.4126984179019928,0.841269850730896,0.3621644973754883
0.4285714328289032,0.841269850730896,0.4135388731956482
0.4444444477558136,0.841269850730896,0.466482013463974
0.460317462682724,0.841269850730896,0.5204536318778992
0.4761904776096344,0.841269850730896,0.5748984217643738
0.4920634925365448,0.841269850730896,0.6292532086372375
0.5079365372657776,0.841269850730896,0.6829543113708496
0.523809552192688,0.841269850730896,0.735447347164154
0.5396825671195984,0.841269850730896,0.7861970067024231
0.5555555820465088,0.841269850730896,0.8346976041793823
0.5714285969734192,0.841269850730896,0.8804831504821777
0.5873016119003296,0.841269850730896,0.9231362342834473
0.60317462682724,0.841269850730896,0.9622932076454163
0.6190476417541504,0.841269850730896,0.9976487159729004
0.6349206566810608,0.841269850730896,1.0289521217346191
0.6507936716079712,0.841269850730896,1.056005597114563
0.6666666865348816,0.841269850730896,1.0786529779434204
0.682539701461792,0.841269850730896,1.0967726707458496
0.6984127163887024,0.841269850730896,1.1102656126022339
0.7142857313156128,0.841269850730896,1.1190483570098877
0.7301587462425232,0.841269850730896,1.1230472326278687
0.7460317611694336,0.841269850730896,1.122198224067688
0.761904776096344,0.841269850730896,1.1164506673812866
0.7777777910232544,0.841269850730896,1.1057745218276978
0.7936508059501648,0.841269850730896,1.0901715755462646
0.8095238208770752,0.841269850730896,1.0696868896484375
0.8253968358039856,0.841269850730896,1.0444183349609375
0.841269850730896,0.841269850730896,1.0145260095596313
0.8571428656578064,0.841269850730896,0.9802359938621521
0.8730158805847168,0.841269850730896,0.9418402910232544
0.8888888955116272,0.841269850730896,0.8996949791908264
0.9047619104385376,0.841269850730896,0.8542123436927795
0.920634925365448,0.841269850730896,0.8058531880378723
0.9365079402923584,0.841269850730896,0.7551167011260986
0.9523809552192688,0.841269850730896,0.7025303840637207
0.9682539701461792,0.841269850730896,0.6486406326293945
0.9841269850730896,0.841269850730896,0.5940045714378357
1.0,0.841269850730896,0.5391814112663269
0.0,0.8571428656578064,0.46139779686927795
0.01587301678955555,0.8571428656578064,0.40201130509376526
0.0317460335791111,0.8571428656578064,0.3441598415374756
0.0476190485060215,0.8571428656578064,0.28840047121047974
0.0634920671582222,0.8571428656578064,0.23527024686336517
0.0793650820851326,0.8571428656578064,0.18528075516223907
0.095238097012043,0.8571428656578064,0.13891354203224182
0.1111111119389534,0.8571428656578064,0.09661505371332169
0.1269841343164444,0.8571428656578064,0.05879267677664757
0.1428571492433548,0.8571428656578064,0.025810621678829193
0.1587301641702652,0.8571428656578064,-0.0020133915822952986
0.1746031790971756,0.8571428656578064,-0.024411490187048912
0.190476194024086,0.8571428656578064,-0.04116784781217575
0.2063492089509964,0.8571428656578064,-0.052121274173259735
0.2222222238779068,0.8571428656578064,-0.05716622248291969
0.2380952388048172,0.8571428656578064,-0.05625411123037338
0.2539682686328888,0.8571428656578064,-0.04939386993646622
0.2698412835597992,0.8571428656578064,-0.036651741713285446
0.2857142984867096,0.8571428656578064,-0.018150586634874344
0.30158731341362,0.8571428656578064,0.005930781830102205
0.3174603283405304,0.8571428656578064,0.0353597067296505
0.3333333432674408,0.8571428656578064,0.06985127180814743
0.3492063581943512,0.8571428656578064,0.10907134413719177
0.3650793731212616,0.8571428656578064,0.15263864398002625
0.380952388048172,0.8571428656578064,0.20012885332107544
0.3968254029750824,0.8571428656578064,0.2510773539543152
0.4126984179019928,0.8571428656578064,0.304983526468277
0.4285714328289032,0.8571428656578064,0.3613150417804718
0.4444444477558136,0.8571428656578064,0.41951215267181396
0.460317462682724,0.8571428656578064,0.47899362444877625
0.4761904776096344,0.8571428656578064,0.5391619801521301
0.4920634925365448,0.8571428656578064,0.5994107127189636
0.5079365372657776,0.8571428656578064,0.6591320633888245
0.523809552192688,0.8571428656578064,0.7177248597145081
0.5396825671195984,0.8571428656578064,0.7746044397354126
0.5555555820465088,0.8571428656578064,0.8292111754417419
0.5714285969734192,0.8571428656578064,0.8810202479362488
0.5873016119003296,0.8571428656578064,0.9295483231544495
0.60317462682724,0.8571428656578064,0.9743614196777344
0.6190476417541504,0.8571428656578064,1.0150768756866455
0.6349206566810608,0.8571428656578064,1.0513653755187988
0.6507936716079712,0.8571428656578064,1.0829486846923828
0.6666666865348816,0.8571428656578064,1.1095950603485107
0.682539701461792,0.8571428656578064,1.1311144828796387
0.6984127163887024,0.8571428656578064,1.147351861000061
0.7142857313156128,0.8571428656578064,1.1581830978393555
0.7301587462425232,0.8571428656578064,1.1635113954544067
0.7460317611694336,0.8571428656578064,1.163267970085144
0.761904776096344,0.8571428656578064,1.1574140787124634
0.7777777910232544,0.8571428656578064,1.1459474563598633
0.7936508059501648,0.8571428656578064,1.1289082765579224
0.8095238208770752,0.8571428656578064,1.1063882112503052
0.8253968358039856,0.8571428656578064,1.0785350799560547
0.841269850730896,0.8571428656578064,1.0455600023269653
0.8571428656578064,0.8571428656578064,1.0077370405197144
0.8730158805847168,0.8571428656578064,0.965404748916626
0.8888888955116272,0.8571428656578064,0.9189608693122864
0.9047619104385376,0.8571428656578064,0.8688573241233826
0.920634925365448,0.8571428656578064,0.8155924677848816
0.9365079402923584,0.8571428656578064,0.7597022652626038
0.9523809552192688,0.8571428656578064,0.7017517685890198
0.9682539701461792,0.8571428656578064,0.642327070236206
0.9841269850730896,0.8571428656578064,0.5820263624191284
1.0,0.8571428656578064,0.5214536786079407
0.0,0.8730158805847168,0.4266463816165924
0.01587301678955555,0.8730158805847168,0.3615632653236389
0.0317460335791111,0.8730158805847168,0.2981193959712982
0.0476190485060215,0.8730158805847168,0.23692573606967926
0.0634920671582222,0.8730158805847168,0.1785716861486435
0.0793650820851326,0.8730158805847168,0.12361907958984375
0.095238097012043,0.8730158805847168,0.07259739190340042
0.1111111119389534,0.8730158805847168,0.025997767224907875
0.1269841343164444,0.8730158805847168,-0.015730923041701317
0.1428571492433548,0.8730158805847168,-0.05218687653541565
0.1587301641702652,0.8730158805847168,-0.08301891386508942
0.1746031790971756,0.8730158805847168,-0.10793018341064453
0.190476194024086,0.8730158805847168,-0.12668059766292572
0.2063492089509964,0.8730158805847168,-0.1390899270772934
0.2222222238779068,0.8730158805847168,-0.14503833651542664
0.2380952388048172,0.8730158805847168,-0.14446882903575897
0.2539682686328888,0.8730158805847168,-0.137386754155159
0.2698412835597992,0.8730158805847168,-0.12386056780815125
0.2857142984867096,0.8730158805847168,-0.10402058809995651
0.30158731341362,0.8730158805847168,-0.07805832475423813
0.3174603283405304,0.8730158805847168,-0.046224307268857956
0.3333333432674408,0.8730158805847168,-0.008826116099953651
0.3492063581943512,0.8730158805847168,0.03377470746636391
0.3650793731212616,0.8730158805847168,0.0811656266450882
0.380952388048172,0.8730158805847168,0.13288691639900208
0.3968254029750824,0.8730158805847168,0.18843556940555573
0.4126984179019928,0.8730158805847168,0.24726995825767517
0.4285714328289032,0.8730158805847168,0.3088144361972809
0.4444444477558136,0.8730158805847168,0.3724648952484131
0.460317462682724,0.8730158805847168,0.43759414553642273
0.4761904776096344,0.8730158805847168,0.5035583972930908
0.4920634925365448,0.8730158805847168,0.5697041749954224
0.5079365372657776,0.8730158805847168,0.6353756785392761
0.523809552192688,0.8730158805847168,0.6999230980873108
0.5396825671195984,0.8730158805847168,0.7627109289169312
0.5555555820465088,0.8730158805847168,0.8231266736984253
0.5714285969734192,0.8730158805847168,0.8805888295173645
0.5873016119003296,0.8730158805847168,0.9345551133155823
0.60317462682724,0.8730158805847168,0.9845277070999146
0.6190476417541504,0.8730158805847168,1.0300588607788086
0.6349206566810608,0.8730158805847168,1.0707521438598633
0.6507936716079712,0.8730158805847168,1.1062641143798828
0.6666666865348816,0.8730158805847168,1.1363011598587036
0.682539701461792,0.8730158805847168,1.1606192588806152
0.6984127163887024,0.8730158805847168,1.1790194511413574
0.7142857313156128,0.8730158805847168,1.191346287727356
0.7301587462425232,0.8730158805847168,1.1974860429763794
0.7460317611694336,0.8730158805847168,1.197367787361145
0.761904776096344,0.8730158805847168,1.1909650564193726
0.7777777910232544,0.8730158805847168,1.1782997846603394
0.7936508059501648,0.8730158805847168,1.1594467163085938
0.8095238208770752,0.8730158805847168,1.1345380544662476
0.8253968358039856,0.8730158805847168,1.1037678718566895
0.841269850730896,0.8730158805847168,1.0673930644989014
0.8571428656578064,0.8730158805847168,1.0257354974746704
0.8730158805847168,0.8730158805847168,0.9791780710220337
0.8888888955116272,0.8730158805847168,0.9281631112098694
0.9047619104385376,0.8730158805847168,0.873184859752655
0.920634925365448,0.8730158805847168,0.8147833943367004
0.9365079402923584,0.8730158805847168,0.753536581993103
0.9523809552192688,0.8730158805847168,0.6900527477264404
0.9682539701461792,0.8730158805847168,0.6249617338180542
0.9841269850730896,0.8730158805847168,0.5589081645011902
1.0,0.8730158805847168,0.4925437569618225
0.0,0.8888888955116272,0.3810770511627197
0.01587301678955555,0.8888888955116272,0.3104015588760376
0.0317460335791111,0.8888888955116272,0.24152342975139618
0.0476190485060215,0.8888888955116272,0.17510594427585602
0.0634920671582222,0.8888888955116272,0.1117887794971466
0.0793650820851326,0.8888888955116272,0.05218169838190079
0.095238097012043,0.8888888955116272,-0.0031411254312843084
0.1111111119389534,0.8888888955116272,-0.05364707484841347
0.1269841343164444,0.8888888955116272,-0.09884965419769287
0.1428571492433548,0.8888888955116272,-0.13831362128257751
0.1587301641702652,0.8888888955116272,-0.17165882885456085
0.1746031790971756,0.8888888955116272,-0.19856415688991547
0.190476194024086,0.8888888955116272,-0.21877048909664154
0.2063492089509964,0.8888888955116272,-0.2320833057165146
0.2222222238779068,0.8888888955116272,-0.23837442696094513
0.2380952388048172,0.8888888955116272,-0.23758314549922943
0.2539682686328888,0.8888888955116272,-0.22971715033054352
0.2698412835597992,0.8888888955116272,-0.21485239267349243
0.2857142984867096,0.8888888955116272,-0.1931319683790207
0.30158731341362,0.8888888955116272,-0.16476547718048096
0.3174603283405304,0.8888888955116272,-0.13002626597881317
0.3333333432674408,0.8888888955116272,-0.08924972265958786
0.3492063581943512,0.8888888955116272,-0.042829275131225586
0.3650793731212616,0.8888888955116272,0.008786358870565891
0.380952388048172,0.8888888955116272,0.06509792059659958
0.3968254029750824,0.8888888955116272,0.1255599856376648
0.4126984179019928,0.8888888955116272,0.1895858198404312
0.4285714328289032,0.8888888955116272,0.25655287504196167
0.4444444477558136,0.8888888955116272,0.32580873370170593
0.460317462682724,0.8888888955116272,0.3966769278049469
0.4761904776096344,0.8888888955116272,0.4684642553329468
0.4920634925365448,0.8888888955116272,0.5404672622680664
0.5079365372657776,0.8888888955116272,0.611980140209198
0.523809552192688,0.8888888955116272,0.6823028326034546
0.5396825671195984,0.8888888955116272,0.7507489323616028
0.5555555820465088,0.8888888955116272,0.8166537880897522
0.5714285969734192,0.8888888955116272,0.8793836236000061
0.5873016119003296,0.8888888955116272,0.9383409023284912
0.60317462682724,0.8888888955116272,0.992972731590271
0.6190476417541504,0.8888888955116272,1.0427749156951904
0.6349206566810608,0.8888888955116272,1.0872955322265625
0.6507936716079712,0.8888888955116272,1.126137614250183
0.6666666865348816,0.8888888955116272,1.158959150314331
0.682539701461792,0.8888888955116272,1.1854737997055054
0.6984127163887024,0.8888888955116272,1.2054493427276611
0.7142857313156128,0.8888888955116272,1.2187079191207886
0.7301587462425232,0.8888888955116272,1.2251249551773071
0.7460317611694336,0.8888888955116272,1.2246309518814087
0.761904776096344,0.8888888955116272,1.217212438583374
0.7777777910232544,0.8888888955116272,1.2029147148132324
0.7936508059501648,0.8888888955116272,1.1818443536758423
0.8095238208770752,0.8888888955116272,1.1541720628738403
0.8253968358039856,0.8888888955116272,1.120133399963379
0.841269850730896,0.8888888955116272,1.080031156539917
0.8571428656578064,0.8888888955116272,1.0342319011688232
0.8730158805847168,0.8888888955116272,0.9831653833389282
0.8888888955116272,0.8888888955116272,0.9273190498352051
0.9047619104385376,0.8888888955116272,0.8672327399253845
0.920634925365448,0.8888888955116272,0.8034919500350952
0.9365079402923584,0.8888888955116272,0.7367210984230042
0.9523809552192688,0.8888888955116272,0.667574942111969
0.9682539701461792,0.8888888955116272,0.5967319011688232
0.9841269850730896,0.8888888955116272,0.5248857736587524
1.0,0.8888888955116272,0.4527387022972107
0.0,0.9047619104385376,0.32512861490249634
0.01587301678955555,0.9047619104385376,0.2490188330411911
0.0317460335791111,0.9047619104385376,0.17491687834262848
0.0476190485060215,0.9047619104385376,0.10353627800941467
0.0634920671582222,0.9047619104385376,0.03556462377309799
0.0793650820851326,0.9047619104385376,-0.028343578800559044
0.095238097012043,0.9047619104385376,-0.08757273107767105
0.1111111119389534,0.9047619104385376,-0.14155256748199463
0.1269841343164444,0.9047619104385376,-0.18976318836212158
0.1428571492433548,0.9047619104385376,-0.2317403107881546
0.1587301641702652,0.9047619104385376,-0.26707956194877625
0.1746031790971756,0.9047619104385376,-0.29544082283973694
0.190476194024086,0.9047619104385376,-0.3165506422519684
0.2063492089509964,0.9047619104385376,-0.3302061855792999
0.2222222238779068,0.9047619104385376,-0.33627545833587646
0.2380952388048172,0.9047619104385376,-0.334700345993042
0.2539682686328888,0.9047619104385376,-0.3254958689212799
0.2698412835597992,0.9047619104385376,-0.30875083804130554
0.2857142984867096,0.9047619104385376,-0.2846265435218811
0.30158731341362,0.9047619104385376,-0.2533554434776306
0.3174603283405304,0.9047619104385376,-0.21523892879486084
0.3333333432674408,0.9047619104385376,-0.17064453661441803
0.3492063581943512,0.9047619104385376,-0.12000227719545364
0.3650793731212616,0.9047619104385376,-0.0638008564710617
0.380952388048172,0.9047619104385376,-0.002583000110462308
0.3968254029750824,0.9047619104385376,0.06305988878011703
0.4126984179019928,0.9047619104385376,0.1324925422668457
0.4285714328289032,0.9047619104385376,0.20504267513751984
0.4444444477558136,0.9047619104385376,0.2800065577030182
0.460317462682724,0.9047619104385376,0.35665640234947205
0.4761904776096344,0.9047619104385376,0.43424686789512634
0.4920634925365448,0.9047619104385376,0.5120232105255127
0.5079365372657776,0.9047619104385376,0.5892283320426941
0.523809552192688,0.9047619104385376,0.665111243724823
0.5396825671195984,0.9047619104385376,0.7389354705810547
0.5555555820465088,0.9047619104385376,0.8099866509437561
0.5714285969734192,0.9047619104385376,0.8775806427001953
0.5873016119003296,0.9047619104385376,0.9410712122917175
0.60317462682724,0.9047619104385376,0.9998561143875122
0.6190476417541504,0.9047619104385376,1.053383708000183
0.6349206566810608,0.9047619104385376,1.1011557579040527
0.6507936716079712,0.9047619104385376,1.1427332162857056
0.6666666865348816,0.9047619104385376,1.1777358055114746
0.682539701461792,0.9047619104385376,1.2058459520339966
0.6984127163887024,0.9047619104385376,1.2268074750900269
0.7142857313156128,0.9047619104385376,1.24042809009552
0.7301587462425232,0.9047619104385376,1.246578335762024
0.7460317611694336,0.9047619104385376,1.2451943159103394
0.761904776096344,0.9047619104385376,1.236277461051941
0.7777777910232544,0.9047619104385376,1.219896912574768
0.7936508059501648,0.9047619104385376,1.196190595626831
0.8095238208770752,0.9047619104385376,1.1653656959533691
0.8253968358039856,0.9047619104385376,1.127699613571167
0.841269850730896,0.9047619104385376,1.08353853225708
0.8571428656578064,0.9047619104385376,1.0332956314086914
0.8730158805847168,0.9047619104385376,0.9774471521377563
0.8888888955116272,0.9047619104385376,0.9165283441543579
0.9047619104385376,0.9047619104385376,0.8511269092559814
0.920634925365448,0.9047619104385376,0.7818776369094849
0.9365079402923584,0.9047619104385376,0.7094535827636719
0.9523809552192688,0.9047619104385376,0.6345601677894592
0.9682539701461792,0.9047619104385376,0.5579265356063843
0.9841269850730896,0.9047619104385376,0.4802981913089752
1.0,0.9047619104385376,0.4024293124675751
0.0,0.920634925365448,0.25933992862701416
0.01587301678955555,0.920634925365448,0.17800630629062653
0.0317460335791111,0.920634925365448,0.09894123673439026
0.0476190485060215,0.920634925365448,0.022906146943569183
0.0634920671582222,0.920634925365448,-0.049366582185029984
0.0793650820851326,0.920634925365448,-0.11718112975358963
0.095238097012043,0.920634925365448,-0.1798841655254364
0.1111111119389534,0.920634925365448,-0.23687201738357544
0.1269841343164444,0.920634925365448,-0.2875957787036896
0.1428571492433548,0.920634925365448,-0.33156701922416687
0.1587301641702652,0.920634925365448,-0.368362158536911
0.1746031790971756,0.920634925365448,-0.39762696623802185
0.190476194024086,0.920634925365448,-0.4190794825553894
0.2063492089509964,0.920634925365448,-0.43251317739486694
0.2222222238779068,0.920634925365448,-0.43779873847961426
0.2380952388048172,0.920634925365448,-0.4348851144313812
0.2539682686328888,0.920634925365448,-0.42380043864250183
0.2698412835597992,0.920634925365448,-0.4046516716480255
0.2857142984867096,0.920634925365448,-0.3776230216026306
0.30158731341362,0.920634925365448,-0.34297502040863037
0.3174603283405304,0.920634925365448,-0.3010413944721222
0.3333333432674408,0.920634925365448,-0.25222641229629517
0.3492063581943512,0.920634925365448,-0.1970003992319107
0.3650793731212616,0.920634925365448,-0.13589587807655334
0.380952388048172,0.920634925365448,-0.06950223445892334
0.3968254029750824,0.920634925365448,0.001539918826892972
0.4126984179019928,0.920634925365448,0.07654457539319992
0.4285714328289032,0.920634925365448,0.15478701889514923
0.4444444477558136,0.920634925365448,0.23551061749458313
0.460317462682724,0.920634925365448,0.3179343342781067
0.4761904776096344,0.920634925365448,0.4012598693370819
0.4920634925365448,0.920634925365448,0.4846799969673157
0.5079365372657776,0.920634925365448,0.5673861503601074
0.523809552192688,0.920634925365448,0.6485774517059326
0.5396825671195984,0.920634925365448,0.7274683713912964
0.5555555820465088,0.920634925365448,0.803296685218811
0.5714285969734192,0.920634925365448,0.8753325939178467
0.5873016119003296,0.920634925365448,0.9428851008415222
0.60317462682724,0.920634925365448,1.0053094625473022
0.6190476417541504,0.920634925365448,1.0620136260986328
0.6349206566810608,0.920634925365448,1.1124622821807861
0.6507936716079712,0.920634925365448,1.156182885169983
0.6666666865348816,0.920634925365448,1.1927666664123535
0.682539701461792,0.920634925365448,1.2218741178512573
0.6984127163887024,0.920634925365448,1.2432334423065186
0.7142857313156128,0.920634925365448,1.2566454410552979
0.7301587462425232,0.920634925365448,1.2619816064834595
0.7460317611694336,0.920634925365448,1.2591880559921265
0.761904776096344,0.920634925365448,1.2482837438583374
0.7777777910232544,0.920634925365448,1.2293636798858643
0.7936508059501648,0.920634925365448,1.2025971412658691
0.8095238208770752,0.920634925365448,1.1682292222976685
0.8253968358039856,0.920634925365448,1.1265779733657837
0.841269850730896,0.920634925365448,1.0780348777770996
0.8571428656578064,0.920634925365448,1.0230592489242554
0.8730158805847168,0.920634925365448,0.9621762633323669
0.8888888955116272,0.920634925365448,0.8959701061248779
0.9047619104385376,0.920634925365448,0.8250795602798462
0.920634925365448,0.920634925365448,0.7501899003982544
0.9365079402923584,0.920634925365448,0.6720265746116638
0.9523809552192688,0.920634925365448,0.5913471579551697
0.9682539701461792,0.920634925365448,0.5089336633682251
0.9841269850730896,0.920634925365448,0.4255844056606293
1.0,0.920634925365448,0.3421061933040619
0.0,0.9365079402923584,0.18434454500675201
0.01587301678955555,0.9365079402923584,0.09804782271385193
0.0317460335791111,0.9365079402923584,0.01432823296636343
0.0476190485060215,0.9365079402923584,-0.06600796431303024
0.0634920671582222,0.9365079402923584,-0.14218702912330627
0.0793650820851326,0.9365079402923584,-0.21347546577453613
0.095238097012043,0.9365079402923584,-0.27918654680252075
0.1111111119389534,0.9365079402923584,-0.33868756890296936
0.1269841343164444,0.9365079402923584,-0.3914053738117218
0.1428571492433548,0.9365079402923584,-0.4368325173854828
0.1587301641702652,0.9365079402923584,-0.4745312035083771
0.1746031790971756,0.9365079402923584,-0.5041386485099792
0.190476194024086,0.9365079402923584,-0.52536940574646
0.2063492089509964,0.9365079402923584,-0.5380192995071411
0.2222222238779068,0.9365079402923584,-0.5419663190841675
0.2380952388048172,0.9365079402923584,-0.5371726751327515
0.2539682686328888,0.9365079402923584,-0.5236843228340149
0.2698412835597992,0.9365079402923584,-0.5016312003135681
0.2857142984867096,0.9365079402923584,-0.4712258577346802
0.30158731341362,0.9365079402923584,-0.432761013507843
0.3174603283405304,0.9365079402923584,-0.38660728931427
0.3333333432674408,0.9365079402923584,-0.333209365606308
0.3492063581943512,0.9365079402923584,-0.27308163046836853
0.3650793731212616,0.9365079402923584,-0.2068035751581192
0.380952388048172,0.9365079402923584,-0.13501401245594025
0.3968254029750824,0.9365079402923584,-0.058405037969350815
0.4126984179019928,0.9365079402923584,0.022284315899014473
0.4285714328289032,0.9365079402923584,0.10627563297748566
0.4444444477558136,0.9365079402923584,0.19275815784931183
0.460317462682724,0.9365079402923584,0.2808966338634491
0.4761904776096344,0.9365079402923584,0.36983954906463623
0.4920634925365448,0.9365079402923584,0.4587274491786957
0.5079365372657776,0.9365079402923584,0.5467012524604797
0.523809552192688,0.9365079402923584,0.6329109072685242
0.5396825671195984,0.9365079402923584,0.7165237665176392
0.5555555820465088,0.9365079402923584,0.7967334985733032
0.5714285969734192,0.9365079402923584,0.8727675080299377
0.5873016119003296,0.9365079402923584,0.9438956379890442
0.60317462682724,0.9365079402923584,1.0094361305236816
0.6190476417541504,0.9365079402923584,1.0687633752822876
0.6349206566810608,0.9365079402923584,1.1213128566741943
0.6507936716079712,0.9365079402923584,1.1665862798690796
0.6666666865348816,0.9365079402923584,1.2041559219360352
0.682539701461792,0.9365079402923584,1.2336667776107788
0.6984127163887024,0.9365079402923584,1.254840612411499
0.7142857313156128,0.9365079402923584,1.2674771547317505
0.7301587462425232,0.9365079402923584,1.2714554071426392
0.7460317611694336,0.9365079402923584,1.2667348384857178
0.761904776096344,0.9365079402923584,1.253357172012329
0.7777777910232544,0.9365079402923584,1.231444001197815
0.7936508059501648,0.9365079402923584,1.2011991739273071
0.8095238208770752,0.9365079402923584,1.1629055738449097
0.8253968358039856,0.9365079402923584,1.1169248819351196
0.841269850730896,0.9365079402923584,1.0636932849884033
0.8571428656578064,0.9365079402923584,1.0037189722061157
0.8730158805847168,0.9365079402923584,0.937576413154602
0.8888888955116272,0.9365079402923584,0.8659018278121948
0.9047619104385376,0.9365079402923584,0.7893855571746826
0.920634925365448,0.9365079402923584,0.7087665796279907
0.9365079402923584,0.9365079402923584,0.6248236894607544
0.9523809552192688,0.9365079402923584,0.538368284702301
0.9682539701461792,0.9365079402923584,0.4502360224723816
0.9841269850730896,0.9365079402923584,0.3612785339355469
1.0,0.9365079402923584,0.2723550498485565
0.0,0.9523809552192688,0.10086464881896973
0.01587301678955555,0.9523809552192688,0.009913436137139797
0.0317460335791111,0.9523809552192688,-0.07810723036527634
0.0476190485060215,0.9523809552192688,-0.16234979033470154
0.0634920671582222,0.9523809552192688,-0.24200278520584106
0.0793650820851326,0.9523809552192688,-0.3162992596626282
0.095238097012043,0.9523809552192688,-0.3845234811306
0.1111111119389534,0.9523809552192688,-0.4460185468196869
0.1269841343164444,0.9523809552192688,-0.5001922845840454
0.1428571492433548,0.9523809552192688,-0.5465229153633118
0.1587301641702652,0.9523809552192688,-0.5845643281936646
0.1746031790971756,0.9523809552192688,-0.6139499545097351
0.190476194024086,0.9523809552192688,-0.6343968510627747
0.2063492089509964,0.9523809552192688,-0.6457083821296692
0.2222222238779068,0.9523809552192688,-0.6477752923965454
0.2380952388048172,0.9523809552192688,-0.6405778527259827
0.2539682686328888,0.9523809552192688,-0.6241852641105652
0.2698412835597992,0.9523809552192688,-0.5987555384635925
0.2857142984867096,0.9523809552192688,-0.5645334720611572
0.30158731341362,0.9523809552192688,-0.5218486785888672
0.3174603283405304,0.9523809552192688,-0.4711124002933502
0.3333333432674408,0.9523809552192688,-0.41281333565711975
0.3492063581943512,0.9523809552192688,-0.3475129306316376
0.3650793731212616,0.9523809552192688,-0.2758404314517975
0.380952388048172,0.9523809552192688,-0.1984863579273224
0.3968254029750824,0.9523809552192688,-0.11619610339403152
0.4126984179019928,0.9523809552192688,-0.029762886464595795
0.4285714328289032,0.9523809552192688,0.05998005345463753
0.4444444477558136,0.9523809552192688,0.15216733515262604
0.460317462682724,0.9523809552192688,0.24590976536273956
0.4761904776096344,0.9523809552192688,0.34030285477638245
0.4920634925365448,0.9523809552192688,0.43443602323532104
0.5079365372657776,0.9523809552192688,0.5274006128311157
0.523809552192688,0.9523809552192688,0.6182998418807983
0.5396825671195984,0.9523809552192688,0.7062568068504333
0.5555555820465088,0.9523809552192688,0.7904236912727356
0.5714285969734192,0.9523809552192688,0.8699901700019836
0.5873016119003296,0.9523809552192688,0.9441907405853271
0.60317462682724,0.9523809552192688,1.0123130083084106
0.6190476417541504,0.9523809552192688,1.0737043619155884
0.6349206566810608,0.9523809552192688,1.1277774572372437
0.6507936716079712,0.9523809552192688,1.1740164756774902
0.6666666865348816,0.9523809552192688,1.2119804620742798
0.682539701461792,0.9523809552192688,1.2413086891174316
0.6984127163887024,0.9523809552192688,1.2617216110229492
0.7142857313156128,0.9523809552192688,1.2730251550674438
0.7301587462425232,0.9523809552192688,1.2751103639602661
0.7460317611694336,0.9523809552192688,1.2679568529129028
0.761904776096344,0.9523809552192688,1.251630187034607
0.7777777910232544,0.9523809552192688,1.2262842655181885
0.7936508059501648,0.9523809552192688,1.1921579837799072
0.8095238208770752,0.9523809552192688,1.1495755910873413
0.8253968358039856,0.9523809552192688,1.0989426374435425
0.841269850730896,0.9523809552192688,1.0407428741455078
0.8571428656578064,0.9523809552192688,0.9755341410636902
0.8730158805847168,0.9523809552192688,0.9039427042007446
0.8888888955116272,0.9523809552192688,0.826657235622406
0.9047619104385376,0.9523809552192688,0.7444223761558533
0.920634925365448,0.9523809552192688,0.6580312252044678
0.9365079402923584,0.9523809552192688,0.568317174911499
0.9523809552192688,0.9523809552192688,0.47614607214927673
0.9682539701461792,0.9523809552192688,0.38240736722946167
0.9841269850730896,0.9523809552192688,0.2880055606365204
1.0,0.9523809552192688,0.19385121762752533
0.0,0.9682539701461792,0.00970431324094534
0.01587301678955555,0.9682539701461792,-0.08554800599813461
0.0317460335791111,0.9682539701461792,-0.1774750053882599
0.0476190485060215,0.9682539701461792,-0.2651914358139038
0.0634920671582222,0.9682539701461792,-0.3478524684906006
0.0793650820851326,0.9682539701461792,-0.4246620833873749
0.095238097012043,0.9682539701461792,-0.494880348443985
0.1111111119389534,0.9682539701461792,-0.557831346988678
0.1269841343164444,0.9682539701461792,-0.6129086017608643
0.1428571492433548,0.9682539701461792,-0.6595819592475891
0.1587301641702652,0.9682539701461792,-0.6974015235900879
0.1746031790971756,0.9682539701461792,-0.7260034084320068
0.190476194024086,0.9682539701461792,-0.745111882686615
0.2063492089509964,0.9682539701461792,-0.7545433044433594
0.2222222238779068,0.9682539701461792,-0.7542065382003784
0.2380952388048172,0.9682539701461792,-0.74410480260849
0.2539682686328888,0.9682539701461792,-0.7243356108665466
0.2698412835597992,0.9682539701461792,-0.6950892210006714
0.2857142984867096,0.9682539701461792,-0.656647264957428
0.30158731341362,0.9682539701461792,-0.6093800663948059
0.3174603283405304,0.9682539701461792,-0.5537428259849548
0.3333333432674408,0.9682539701461792,-0.4902714192867279
0.3492063581943512,0.9682539701461792,-0.4195772409439087
0.3650793731212616,0.9682539701461792,-0.3423411250114441
0.380952388048172,0.9682539701461792,-0.25930723547935486
0.3968254029750824,0.9682539701461792,-0.17127534747123718
0.4126984179019928,0.9682539701461792,-0.07909377664327621
0.4285714328289032,0.9682539701461792,0.016349321231245995
0.4444444477558136,0.9682539701461792,0.11413396894931793
0.460317462682724,0.9682539701461792,0.2133178412914276
0.4761904776096344,0.9682539701461792,0.3129446804523468
0.4920634925365448,0.9682539701461792,0.41205406188964844
0.5079365372657776,0.9682539701461792,0.5096904039382935
0.523809552192688,0.9682539701461792,0.604912281036377
0.5396825671195984,0.9682539701461792,0.6968021392822266
0.5555555820465088,0.9682539701461792,0.7844744920730591
0.5714285969734192,0.9682539701461792,0.8670850992202759
0.5873016119003296,0.9682539701461792,0.9438387751579285
0.60317462682724,0.9682539701461792,1.0139976739883423
0.6190476417541504,0.9682539701461792,1.076888084411621
0.6349206566810608,0.9682539701461792,1.1319067478179932
0.6507936716079712,0.9682539701461792,1.1785266399383545
0.6666666865348816,0.9682539701461792,1.2163012027740479
0.682539701461792,0.9682539701461792,1.2448694705963135
0.6984127163887024,0.9682539701461792,1.263958215713501
0.7142857313156128,0.9682539701461792,1.2733848094940186
0.7301587462425232,0.9682539701461792,1.2730590105056763
0.7460317611694336,0.9682539701461792,1.262982726097107
0.761904776096344,0.9682539701461792,1.243252158164978
0.7777777910232544,0.9682539701461792,1.2140543460845947
0.7936508059501648,0.9682539701461792,1.1756682395935059
0.8095238208770752,0.9682539701461792,1.1284608840942383
0.8253968358039856,0.9682539701461792,1.0728837251663208
0.841269850730896,0.9682539701461792,1.0094703435897827
0.8571428656578064,0.9682539701461792,0.9388296008110046
0.8730158805847168,0.9682539701461792,0.8616407513618469
0.8888888955116272,0.9682539701461792,0.7786468267440796
0.9047619104385376,0.9682539701461792,0.6906472444534302
0.920634925365448,0.9682539701461792,0.5984901785850525
0.9365079402923584,0.9682539701461792,0.503063976764679
0.9523809552192688,0.9682539701461792,0.4052886962890625
0.9682539701461792,0.9682539701461792,0.3061070144176483
0.9841269850730896,0.9682539701461792,0.2064751833677292
1.0,0.9682539701461792,0.10735337436199188
0.0,0.9841269850730896,-0.08825858682394028
0.01587301678955555,0.9841269850730896,-0.18741723895072937
0.0317460335791111,0.9841269850730896,-0.28281813859939575
0.0476190485060215,0.9841269850730896,-0.3735426068305969
0.0634920671582222,0.9841269850730896,-0.4587167799472809
0.0793650820851326,0.9841269850730896,-0.5375204682350159
0.095238097012043,0.9841269850730896,-0.6091946363449097
0.1111111119389534,0.9841269850730896,-0.6730491518974304
0.1269841343164444,0.9841269850730896,-0.7284691333770752
0.1428571492433548,0.9841269850730896,-0.7749207019805908
0.1587301641702652,0.9841269850730896,-0.8119564652442932
0.1746031790971756,0.9841269850730896,-0.839219868183136
0.190476194024086,0.9841269850730896,-0.856448233127594
0.2063492089509964,0.9841269850730896,-0.8634759187698364
0.2222222238779068,0.9841269850730896,-0.8602349162101746
0.2380952388048172,0.9841269850730896,-0.8467565774917603
0.2539682686328888,0.9841269850730896,-0.8231707215309143
0.2698412835597992,0.9841269850730896,-0.789704442024231
0.2857142984867096,0.9841269850730896,-0.7466801404953003
0.30158731341362,0.9841269850730896,-0.694512128829956
0.3174603283405304,0.9841269850730896,-0.6337026357650757
0.3333333432674408,0.9841269850730896,-0.5648376941680908
0.3492063581943512,0.9841269850730896,-0.48858022689819336
0.3650793731212616,0.9841269850730896,-0.40566495060920715
0.380952388048172,0.9841269850730896,-0.31689029932022095
0.3968254029750824,0.9841269850730896,-0.22311146557331085
0.4126984179019928,0.9841269850730896,-0.12523187696933746
0.4285714328289032,0.9841269850730896,-0.024194344878196716
0.4444444477558136,0.9841269850730896,0.0790276825428009
0.460317462682724,0.9841269850730896,0.18343965709209442
0.4761904776096344,0.9841269850730896,0.28803551197052
0.4920634925365448,0.9841269850730896,0.3918073773384094
0.5079365372657776,0.9841269850730896,0.49375513195991516
0.523809552192688,0.9841269850730896,0.5928965210914612
0.5396825671195984,0.9841269850730896,0.6882762908935547
0.5555555820465088,0.9841269850730896,0.7789756059646606
0.5714285969734192,0.9841269850730896,0.8641210794448853
0.5873016119003296,0.9841269850730896,0.9428930282592773
0.60317462682724,0.9841269850730896,1.014533281326294
0.6190476417541504,0.9841269850730896,1.0783534049987793
0.6349206566810608,0.9841269850730896,1.133739948272705
0.6507936716079712,0.9841269850730896,1.1801611185073853
0.6666666865348816,0.9841269850730896,1.217171311378479
0.682539701461792,0.9841269850730896,1.2444157600402832
0.6984127163887024,0.9841269850730896,1.2616326808929443
0.7142857313156128,0.9841269850730896,1.2686578035354614
0.7301587462425232,0.9841269850730896,1.2654229402542114
0.7460317611694336,0.9841269850730896,1.2519593238830566
0.761904776096344,0.9841269850730896,1.2283951044082642
0.7777777910232544,0.9841269850730896,1.194956660270691
0.7936508059501648,0.9841269850730896,1.1519640684127808
0.8095238208770752,0.9841269850730896,1.099829912185669
0.8253968358039856,0.9841269850730896,1.0390548706054688
0.841269850730896,0.9841269850730896,0.9702228307723999
0.8571428656578064,0.9841269850730896,0.8939957618713379
0.8730158805847168,0.9841269850730896,0.8111072778701782
0.8888888955116272,0.9841269850730896,0.7223554849624634
0.9047619104385376,0.9841269850730896,0.6285949945449829
0.920634925365448,0.9841269850730896,0.530729353427887
0.9365079402923584,0.9841269850730896,0.42970141768455505
0.9523809552192688,0.9841269850730896,0.3264847695827484
0.9682539701461792,0.9841269850730896,0.22207403182983398
0.9841269850730896,0.9841269850730896,0.11747533082962036
1.0,0.9841269850730896,0.013696445152163506
0.0,1.0,-0.19208067655563354
0.01587301678955555,1.0,-0.29471325874328613
0.0317460335791111,1.0,-0.39312219619750977
0.0476190485060215,1.0,-0.4863598048686981
0.0634920671582222,1.0,-0.5735280513763428
0.0793650820851326,1.0,-0.6537876129150391
0.095238097012043,1.0,-0.726365327835083
0.1111111119389534,1.0,-0.7905625104904175
0.1269841343164444,1.0,-0.845760703086853
0.1428571492433548,1.0,-0.8914284110069275
0.1587301641702652,1.0,-0.927125871181488
0.1746031790971756,1.0,-0.9525091052055359
0.190476194024086,1.0,-0.9673337936401367
0.2063492089509964,1.0,-0.9714572429656982
0.2222222238779068,1.0,-0.9648396372795105
0.2380952388048172,1.0,-0.9475445747375488
0.2539682686328888,1.0,-0.9197388887405396
0.2698412835597992,1.0,-0.881690263748169
0.2857142984867096,1.0,-0.8337650895118713
0.30158731341362,1.0,-0.7764248251914978
0.3174603283405304,1.0,-0.7102219462394714
0.3333333432674408,1.0,-0.6357938647270203
0.3492063581943512,1.0,-0.5538573861122131
0.3650793731212616,1.0,-0.46520179510116577
0.380952388048172,1.0,-0.3706807494163513
0.3968254029750824,1.0,-0.27120476961135864
0.4126984179019928,1.0,-0.16773192584514618
0.4285714328289032,1.0,-0.06125890091061592
0.4444444477558136,1.0,0.047188740223646164
0.460317462682724,1.0,0.15656635165214539
0.4761904776096344,1.0,0.26582011580467224
0.4920634925365448,1.0,0.3738977611064911
0.5079365372657776,1.0,0.4797579050064087
0.523809552192688,1.0,0.5823808908462524
0.5396825671195984,1.0,0.6807780861854553
0.5555555820465088,1.0,0.7740017175674438
0.5714285969734192,1.0,0.8611541390419006
0.5873016119003296,1.0,0.9413959980010986
0.60317462682724,1.0,1.0139551162719727
0.6190476417541504,1.0,1.0781329870224
0.6349206566810608,1.0,1.1333128213882446
0.6507936716079712,1.0,1.178963541984558
0.6666666865348816,1.0,1.214646816253662
0.682539701461792,1.0,1.2400193214416504
0.6984127163887024,1.0,1.2548377513885498
0.7142857313156128,1.0,1.2589597702026367
0.7301587462425232,1.0,1.2523456811904907
0.7460317611694336,1.0,1.2350585460662842
0.761904776096344,1.0,1.207265019416809
0.7777777910232544,1.0,1.16923189163208
0.7936508059501648,1.0,1.1213243007659912
0.8095238208770752,1.0,1.0640028715133667
0.8253968358039856,1.0,0.9978190064430237
0.841269850730896,1.0,0.9234092831611633
0.8571428656578064,1.0,0.8414897322654724
0.8730158805847168,1.0,0.7528489828109741
0.8888888955116272,1.0,0.6583406329154968
0.9047619104385376,1.0,0.5588748455047607
0.920634925365448,1.0,0.4554097354412079
0.9365079402923584,1.0,0.34894201159477234
0.9523809552192688,1.0,0.2404973953962326
0.9682539701461792,1.0,0.1311204582452774
0.9841269850730896,1.0,0.021865054965019226
1.0,1.0,-0.086216501891613
